"Date","Time","Open","High","Low","Close","Vol","OI"
01/03/2007,14:00,203.95,205.45,201.95,203.15,18092,85959
01/04/2007,14:00,203.35,204.80,202.15,204.55,9997,85491
01/05/2007,14:00,202.80,203.55,199.15,200.00,19079,82758
01/08/2007,14:00,199.80,200.45,198.75,199.65,10339,81490
01/09/2007,14:00,198.95,199.55,197.55,197.95,14688,79411
01/10/2007,14:00,197.65,200.95,197.65,200.30,10643,78925
01/11/2007,14:00,199.80,201.30,199.35,200.20,9278,77896
01/12/2007,14:00,199.05,200.05,199.05,199.85,6946,76601
01/16/2007,14:00,200.15,201.75,199.65,201.20,11812,76678
01/17/2007,14:00,200.05,201.30,198.85,201.15,9000,76007
01/18/2007,14:00,200.65,201.15,199.15,199.30,7107,75798
01/19/2007,14:00,198.80,200.05,198.80,199.25,5286,75289
01/22/2007,14:00,198.65,199.15,196.35,196.90,16688,73686
01/23/2007,14:00,196.45,196.80,194.90,195.20,14668,70402
01/24/2007,14:00,194.85,196.85,194.85,196.50,11276,68890
01/25/2007,14:00,196.05,196.55,195.45,195.55,6964,67631
01/26/2007,14:00,195.25,196.15,194.95,195.85,5294,67331
01/29/2007,14:00,195.55,197.25,195.35,196.15,8256,67908
01/30/2007,14:00,195.55,196.65,195.35,196.10,7721,67049
01/31/2007,14:00,196.70,197.85,196.30,197.20,13358,64973
02/01/2007,14:00,197.85,198.85,197.35,198.30,14619,61797
02/02/2007,14:00,198.95,198.95,197.30,197.80,0,70402
02/05/2007,14:00,197.85,197.90,195.65,196.25,0,70402
02/06/2007,14:00,196.55,196.80,195.80,196.05,0,70402
02/07/2007,14:00,195.95,197.55,195.85,196.35,0,70402
02/08/2007,14:00,196.55,196.55,195.05,195.05,0,70402
02/09/2007,14:00,192.20,192.40,191.10,191.20,0,70402
02/12/2007,14:00,194.10,194.30,193.25,193.45,13693,61840
02/13/2007,14:00,193.00,193.70,192.40,193.10,18111,67235
02/14/2007,14:00,193.90,194.25,193.10,193.20,13646,71092
02/15/2007,14:00,193.65,194.70,193.65,194.35,14357,76311
02/16/2007,14:00,192.90,193.80,192.30,192.50,22342,81565
02/20/2007,14:00,192.10,192.85,191.60,191.70,11236,81821
02/21/2007,14:00,191.60,193.80,190.80,192.60,0,70402
02/22/2007,14:00,193.20,197.50,192.55,196.60,0,70402
02/23/2007,14:00,197.50,197.50,196.10,197.00,0,70402
02/26/2007,14:00,196.20,196.60,194.90,195.50,0,70402
02/27/2007,14:00,195.20,195.30,194.10,194.80,0,70402
02/28/2007,14:00,194.80,196.45,193.90,194.75,0,70402
03/01/2007,14:00,193.60,193.70,191.50,193.00,0,70402
03/02/2007,14:00,192.10,192.70,191.50,191.65,0,67631
03/05/2007,14:00,191.10,191.40,187.90,187.90,0,67631
03/06/2007,14:00,188.80,190.30,188.60,189.35,0,67631
03/07/2007,14:00,189.35,189.50,187.60,188.75,0,67631
03/08/2007,14:00,189.10,189.75,188.00,188.70,0,67631
03/09/2007,14:00,188.50,189.25,188.00,188.90,9648,84773
03/12/2007,14:00,188.70,189.00,187.60,188.30,8421,84136
03/13/2007,14:00,188.65,189.90,187.40,187.55,11417,84053
03/14/2007,14:00,186.90,187.20,186.00,186.35,11348,83894
03/15/2007,14:00,187.00,187.50,186.30,187.05,9496,84465
03/16/2007,14:00,186.75,187.00,186.05,186.85,8388,83673
03/19/2007,14:00,187.00,187.70,185.75,186.75,8086,83721
03/20/2007,14:00,186.25,187.00,185.30,185.80,10153,84281
03/21/2007,14:00,185.75,189.35,185.75,189.00,15750,84422
03/22/2007,14:00,188.60,188.90,187.50,188.25,9355,84671
03/23/2007,14:00,189.25,190.60,189.25,189.85,11189,84344
03/26/2007,14:00,189.60,191.30,189.40,190.85,9719,84187
03/27/2007,14:00,190.40,190.70,188.55,188.95,9415,84097
03/28/2007,14:00,188.75,189.50,188.40,189.20,6373,83608
03/29/2007,14:00,188.90,189.30,186.80,187.10,11336,81124
03/30/2007,14:00,186.00,186.30,184.90,185.75,16975,80117
04/02/2007,14:00,186.30,187.30,184.80,185.10,14063,77019
04/03/2007,14:00,185.60,187.90,185.35,187.25,14046,74688
04/04/2007,14:00,187.20,188.20,186.50,187.05,8378,70949
04/05/2007,14:00,187.30,188.10,186.60,187.35,5999,68357
04/09/2007,14:00,187.00,188.10,185.60,186.15,14521,63636
04/10/2007,14:00,183.20,183.65,182.75,182.85,11792,52653
04/11/2007,14:00,186.10,186.20,185.85,185.95,8979,58067
04/12/2007,14:00,186.65,190.10,186.65,189.30,15169,64906
04/13/2007,14:00,189.70,190.20,188.25,188.25,12658,70363
04/16/2007,14:00,187.95,188.10,184.65,184.80,22834,76610
04/17/2007,14:00,184.70,186.20,184.50,185.85,13286,80710
04/18/2007,14:00,186.00,187.60,185.20,185.70,16369,84123
04/19/2007,14:00,185.20,186.30,184.85,185.10,19530,88403
04/20/2007,14:00,185.60,186.00,184.10,184.25,9796,89723
04/23/2007,14:00,184.10,185.10,182.70,183.00,12427,91648
04/24/2007,14:00,182.85,183.60,180.60,181.25,16063,91979
04/25/2007,14:00,180.85,181.50,180.70,180.85,7745,92641
04/26/2007,14:00,180.40,180.70,179.90,180.35,9731,92431
04/27/2007,14:00,179.90,181.50,179.50,180.60,11472,91753
04/30/2007,14:00,180.60,181.00,179.35,179.75,0,91753
05/01/2007,14:00,178.20,179.00,176.85,178.45,20785,92672
05/02/2007,14:00,178.80,179.40,178.20,178.30,6239,93889
05/03/2007,14:00,178.45,179.00,177.70,177.95,7086,94506
05/04/2007,14:00,179.00,180.40,179.00,179.60,8795,93668
05/07/2007,14:00,179.90,180.50,178.00,178.40,8253,93889
05/08/2007,14:00,179.10,180.80,178.40,178.85,9279,93721
05/09/2007,14:00,178.90,180.50,178.65,179.85,9333,93505
05/10/2007,14:00,179.85,180.40,179.20,180.15,8956,93918
05/11/2007,14:00,180.10,180.20,178.60,179.30,7488,93001
05/14/2007,14:00,181.40,182.50,180.10,180.45,11238,93097
05/15/2007,14:00,180.60,181.80,180.35,180.90,8740,92452
05/16/2007,14:00,182.20,183.80,181.50,183.30,15564,91230
05/17/2007,14:00,183.70,186.90,183.50,186.70,21245,87880
05/18/2007,14:00,186.50,187.10,184.70,185.40,12130,87270
05/21/2007,14:00,185.80,186.75,185.20,185.60,10229,85410
05/22/2007,14:00,185.50,186.20,185.00,185.15,9195,84567
05/23/2007,14:00,184.30,185.80,184.30,185.65,10644,84666
05/24/2007,14:00,186.40,187.60,186.40,186.95,10682,84297
05/25/2007,14:00,187.10,187.50,185.80,186.50,8340,83936
05/29/2007,14:00,185.35,186.00,183.80,184.30,12660,82015
05/30/2007,14:00,184.20,185.10,183.95,184.95,9661,80301
05/31/2007,14:00,184.90,185.85,183.70,185.50,10816,79503
06/01/2007,14:00,187.10,191.50,187.10,191.00,31055,74648
06/04/2007,14:00,189.60,192.00,188.40,188.90,19650,71075
06/05/2007,14:00,189.10,190.70,189.10,190.15,12428,68973
06/06/2007,14:00,190.90,191.30,188.80,190.05,17998,65789
06/07/2007,14:00,189.10,191.10,189.10,190.55,16844,60064
06/08/2007,14:00,190.20,190.85,188.10,188.45,9030,60064
06/11/2007,14:00,188.10,189.70,188.10,188.95,14211,68560
06/12/2007,14:00,188.90,188.90,186.10,187.05,14220,74638
06/13/2007,14:00,186.80,188.30,186.40,188.10,16381,80319
06/14/2007,14:00,187.80,189.40,187.20,187.90,13518,82083
06/15/2007,14:00,188.20,188.80,187.60,187.90,12652,85042
06/18/2007,14:00,187.70,189.50,187.50,187.75,17373,88492
06/19/2007,14:00,187.20,187.80,185.30,186.50,17820,91158
06/20/2007,14:00,186.80,188.15,186.70,188.10,17818,95166
06/21/2007,14:00,187.80,188.35,186.90,187.40,10227,94285
06/22/2007,14:00,187.60,187.95,185.20,186.10,8681,94417
06/25/2007,14:00,184.70,185.00,181.70,181.85,18168,96368
06/26/2007,14:00,181.70,183.00,181.70,182.60,12201,96389
06/27/2007,14:00,182.20,183.10,181.70,182.90,9458,97145
06/28/2007,14:00,182.70,184.40,181.60,183.30,11938,97200
06/29/2007,14:00,183.30,183.90,182.65,183.50,7317,97077
07/02/2007,14:00,181.60,183.10,181.50,182.70,12337,97660
07/03/2007,14:00,181.80,182.55,181.00,181.80,11433,97101
07/05/2007,14:00,181.30,181.90,180.50,181.10,9341,98079
07/06/2007,14:00,180.65,180.85,179.40,180.45,10354,98054
07/09/2007,14:00,180.70,181.20,179.95,180.10,6357,98701
07/10/2007,14:00,180.50,182.60,180.50,181.85,11804,97507
07/11/2007,14:00,182.60,182.80,181.80,182.55,8695,97402
07/12/2007,14:00,182.10,183.30,180.80,182.10,13700,98232
07/13/2007,14:00,181.10,181.55,180.20,180.45,8899,99610
07/16/2007,14:00,180.30,182.60,180.10,182.45,10759,99708
07/17/2007,14:00,183.20,183.70,182.60,183.15,7380,98567
07/18/2007,14:00,183.65,185.20,183.40,184.70,11670,97876
07/19/2007,14:00,185.95,186.15,184.40,184.95,12439,97081
07/20/2007,14:00,185.15,185.40,184.60,184.70,5335,96348
07/23/2007,14:00,184.65,185.60,182.50,183.05,11039,96488
07/24/2007,14:00,182.60,186.90,182.00,186.45,20075,93585
07/25/2007,14:00,185.30,186.30,184.70,184.90,10869,93702
07/26/2007,14:00,185.40,185.70,181.70,182.10,13666,91617
07/27/2007,14:00,181.80,184.00,181.80,183.40,10291,89509
07/30/2007,14:00,182.50,183.95,182.30,183.65,10143,88692
07/31/2007,14:00,183.70,185.10,183.70,185.00,10318,88025
08/01/2007,14:00,184.35,185.20,183.45,183.80,11888,84673
08/02/2007,14:00,184.20,187.20,184.20,186.90,21660,80870
08/03/2007,14:00,187.70,189.10,187.70,188.35,15011,78084
08/06/2007,14:00,187.75,190.20,186.95,189.10,16460,74607
08/07/2007,14:00,188.60,189.30,187.20,188.15,17461,69170
08/08/2007,14:00,187.50,189.70,187.25,189.20,14565,63467
08/09/2007,14:00,189.45,190.60,188.50,190.20,18855,56846
08/10/2007,14:00,188.00,191.60,187.60,191.30,7859,56846
08/13/2007,14:00,191.05,192.65,189.75,191.40,19625,80711
08/14/2007,14:00,192.25,192.40,189.05,189.80,13846,84652
08/15/2007,14:00,189.05,190.35,187.85,189.85,10080,88221
08/16/2007,14:00,187.85,188.75,181.65,181.90,21876,88332
08/17/2007,14:00,184.25,186.45,184.25,186.15,14960,88742
08/20/2007,14:00,186.15,186.65,184.90,185.50,14052,91648
08/21/2007,14:00,185.25,185.75,184.80,185.00,16481,96985
08/22/2007,14:00,185.05,186.15,184.90,185.45,17906,100703
08/23/2007,14:00,186.05,187.05,185.95,186.35,8661,100850
08/24/2007,14:00,186.85,187.05,184.95,185.70,11181,99318
08/27/2007,14:00,184.85,185.35,183.45,183.85,6613,100015
08/28/2007,14:00,183.45,184.95,183.05,184.20,7220,100531
08/29/2007,14:00,184.35,184.55,182.25,182.75,8880,101755
08/30/2007,14:00,182.45,183.15,182.05,182.80,6247,102050
08/31/2007,14:00,183.25,183.45,181.90,182.50,6909,102495
09/04/2007,14:00,183.65,185.75,183.65,184.60,12705,103379
09/05/2007,14:00,182.95,183.85,181.85,182.70,10960,102739
09/06/2007,14:00,182.85,183.75,182.05,183.40,5974,102638
09/07/2007,14:00,183.85,184.60,182.90,183.55,7942,102165
09/10/2007,14:00,184.90,187.85,184.90,186.70,13605,103351
09/11/2007,14:00,186.10,187.00,185.05,186.15,7257,102833
09/12/2007,14:00,186.75,187.35,186.25,186.70,6900,102982
09/13/2007,14:00,184.75,186.15,183.90,185.95,8547,102889
09/14/2007,14:00,186.50,188.15,185.85,187.55,9543,103347
09/17/2007,14:00,191.65,194.65,191.40,194.45,32201,104430
09/18/2007,14:00,194.55,197.40,194.05,197.05,23806,103661
09/19/2007,14:00,195.00,198.05,195.00,198.00,16542,104162
09/20/2007,14:00,195.90,200.95,195.90,199.80,20981,105307
09/21/2007,14:00,197.65,198.90,195.95,196.55,18051,103323
09/24/2007,14:00,197.15,199.90,196.65,199.05,13629,104633
09/25/2007,14:00,197.95,201.65,197.55,199.75,18210,106058
09/26/2007,14:00,196.05,196.75,193.90,195.25,14477,105155
09/27/2007,14:00,196.35,197.25,195.05,195.45,11895,105013
09/28/2007,14:00,195.95,196.80,194.15,195.30,10588,105040
10/01/2007,14:00,201.15,202.15,200.05,201.50,21562,106158
10/02/2007,14:00,201.35,202.05,200.15,200.95,11203,105043
10/03/2007,14:00,200.95,202.90,200.95,202.50,10769,106550
10/04/2007,14:00,203.75,204.05,200.75,201.85,12504,104928
10/05/2007,14:00,202.15,203.85,201.35,203.65,9358,105438
10/08/2007,14:00,205.90,206.15,203.55,205.40,11624,106093
10/09/2007,14:00,203.05,203.45,199.25,200.40,16707,106392
10/10/2007,14:00,202.25,202.85,199.75,200.05,11127,105260
10/11/2007,14:00,203.65,206.35,202.75,204.90,15527,104569
10/12/2007,14:00,206.65,207.15,203.75,205.95,12363,105733
10/15/2007,14:00,195.90,198.95,195.90,196.70,23434,102461
10/16/2007,14:00,196.25,197.65,194.15,194.80,15131,100755
10/17/2007,14:00,195.90,196.55,195.10,196.20,8934,100129
10/18/2007,14:00,191.90,192.55,188.85,192.05,27072,95723
10/19/2007,14:00,191.75,192.65,191.05,191.65,8827,93166
10/22/2007,14:00,188.75,192.25,188.55,190.20,18873,90858
10/23/2007,14:00,188.95,190.95,188.95,190.50,11117,88936
10/24/2007,14:00,189.85,190.50,189.45,190.15,8612,87744
10/25/2007,14:00,190.05,190.20,186.90,187.25,13241,85369
10/26/2007,14:00,186.85,188.75,186.45,188.10,10318,83612
10/29/2007,14:00,187.35,189.05,186.95,189.00,8422,82045
10/30/2007,14:00,188.95,189.40,187.05,188.55,13124,79616
10/31/2007,14:00,188.65,189.55,187.45,188.00,9107,78431
11/01/2007,14:00,188.35,190.45,188.35,189.25,14063,74027
11/02/2007,14:00,188.15,188.65,184.65,185.55,19021,70761
11/05/2007,14:00,186.45,187.05,186.05,186.60,9086,66106
11/06/2007,14:00,187.35,188.05,186.45,187.35,9896,62919
11/07/2007,14:00,188.75,188.80,186.95,187.10,15353,53801
11/08/2007,14:00,187.40,189.35,187.40,188.55,14736,47488
11/09/2007,14:00,189.15,189.40,188.05,188.40,11937,42671
11/12/2007,14:00,191.65,192.55,189.30,192.55,17415,80205
11/13/2007,14:00,194.35,195.65,193.25,193.40,14684,87111
11/14/2007,14:00,194.10,195.15,193.75,194.95,8445,91154
11/15/2007,14:00,194.40,196.65,194.05,195.55,12033,93859
11/16/2007,14:00,196.75,196.75,195.40,195.70,16387,101085
11/19/2007,14:00,193.65,193.65,191.65,192.50,22845,105373
11/20/2007,14:00,193.60,195.05,193.60,194.40,9350,105079
11/21/2007,14:00,194.15,194.45,192.75,193.25,8325,104807
11/26/2007,14:00,193.15,193.45,192.15,192.25,5872,104278
11/27/2007,14:00,191.75,192.25,190.25,192.25,11141,104807
11/28/2007,14:00,193.90,197.65,193.90,195.60,16155,105377
11/29/2007,14:00,195.65,196.55,195.05,195.20,5334,105216
11/30/2007,14:00,196.55,198.15,194.40,195.85,14719,105856
12/03/2007,14:00,195.35,197.65,195.25,196.60,10227,106844
12/04/2007,14:00,197.30,197.65,196.50,197.25,6710,107304
12/05/2007,14:00,196.75,198.15,196.75,197.80,6773,107651
12/06/2007,14:00,196.75,197.15,194.95,195.70,7692,107717
12/07/2007,14:00,196.05,198.05,195.55,197.80,7053,108285
12/10/2007,14:00,197.35,200.45,197.35,200.15,12291,107851
12/11/2007,14:00,201.65,201.65,199.80,200.15,10611,108401
12/12/2007,14:00,200.65,201.15,200.15,200.80,9140,109203
12/13/2007,14:00,201.15,201.45,198.85,200.05,8583,109515
12/14/2007,14:00,200.15,200.80,199.35,200.60,6892,109784
12/17/2007,14:00,200.50,202.15,199.55,200.10,10664,110171
12/18/2007,14:00,201.05,201.95,200.75,201.20,7044,110836
12/19/2007,14:00,200.90,202.65,200.25,201.15,10357,111856
12/20/2007,14:00,201.15,201.35,199.60,200.35,6625,111711
12/21/2007,14:00,200.40,201.00,200.40,200.85,3227,112110
12/26/2007,14:00,201.25,201.60,196.15,200.30,9722,111848
12/27/2007,14:00,199.65,199.85,198.05,198.45,7251,110885
12/28/2007,14:00,200.05,200.15,199.25,199.75,6946,110413
12/31/2007,14:00,201.35,203.65,201.25,202.85,11479,112851
01/02/2008,14:00,203.25,203.65,199.45,200.65,10342,112665
01/03/2008,14:00,202.05,203.15,201.35,201.85,8441,113256
01/04/2008,14:00,200.15,200.45,196.95,199.35,12915,112909
01/07/2008,14:00,197.25,199.30,197.25,198.05,10460,111315
01/08/2008,14:00,199.35,202.65,199.35,202.10,15615,110925
01/09/2008,14:00,200.95,202.35,200.95,202.25,11079,111169
01/10/2008,14:00,202.25,203.65,201.65,203.30,14882,110899
01/11/2008,14:00,203.30,204.05,201.75,202.95,15225,112039
01/14/2008,14:00,202.75,204.45,200.75,204.20,17019,111964
01/15/2008,14:00,203.90,206.05,202.35,203.50,18933,112131
01/16/2008,14:00,202.35,202.70,200.15,201.55,12431,110652
01/17/2008,14:00,200.55,202.15,199.95,201.05,10703,108347
01/18/2008,14:00,200.15,200.55,199.40,199.75,10224,107529
01/22/2008,14:00,196.85,201.95,196.35,201.65,24485,103871
01/23/2008,14:00,201.15,201.90,197.75,197.95,13194,102500
01/24/2008,14:00,198.05,199.15,197.15,199.00,11855,100334
01/25/2008,14:00,198.65,199.55,197.90,198.10,8158,97434
01/28/2008,14:00,197.80,201.25,197.65,200.85,12256,97435
01/29/2008,14:00,201.15,201.55,200.05,200.35,12674,97131
01/30/2008,14:00,200.75,203.85,200.75,203.20,19686,92847
01/31/2008,14:00,203.90,205.15,203.25,204.80,16841,89171
02/01/2008,14:00,205.65,206.15,204.25,205.75,16319,87795
02/04/2008,14:00,206.55,210.65,205.95,209.35,24034,86326
02/05/2008,14:00,209.05,210.15,207.90,209.25,14371,83969
02/06/2008,14:00,208.85,209.95,208.70,209.80,15031,77592
02/07/2008,14:00,209.05,210.15,208.45,209.95,19023,70993
02/08/2008,14:00,209.15,213.95,209.05,213.85,25971,64602
02/11/2008,14:00,214.80,215.25,212.55,214.55,19388,88424
02/12/2008,14:00,213.75,215.05,213.75,214.60,20587,96597
02/13/2008,14:00,214.05,216.95,213.30,216.20,17289,105008
02/14/2008,14:00,217.65,219.45,216.65,219.25,21107,114078
02/15/2008,14:00,222.05,222.55,216.40,216.45,30666,120538
02/19/2008,14:00,218.35,222.25,218.35,221.80,31163,128078
02/20/2008,14:00,219.55,221.75,219.55,221.50,26920,133253
02/21/2008,14:00,221.55,224.45,221.55,223.05,13996,133774
02/22/2008,14:00,223.20,226.55,223.20,226.45,14706,131340
02/25/2008,14:00,226.05,229.15,225.65,228.05,15475,131430
02/26/2008,14:00,227.00,227.25,223.75,224.35,16134,129625
02/27/2008,14:00,226.85,228.45,226.35,228.15,14596,129315
02/28/2008,14:00,225.65,231.75,225.35,231.55,15076,129227
02/29/2008,14:00,231.45,235.65,229.30,230.85,17927,129113
03/03/2008,14:00,231.60,231.60,231.60,231.60,15955,126865
03/04/2008,14:00,230.95,232.90,227.05,227.10,18769,124179
03/05/2008,14:00,227.75,229.55,225.60,227.95,14387,122331
03/06/2008,14:00,226.25,230.00,216.95,218.35,25401,119147
03/07/2008,14:00,219.05,220.75,211.00,214.45,33192,121140
03/10/2008,14:00,214.45,215.55,211.70,215.35,12912,116533
03/11/2008,14:00,214.65,218.20,213.35,217.25,13805,115338
03/12/2008,14:00,217.25,219.20,216.50,219.05,10654,114127
03/13/2008,14:00,219.25,223.15,218.55,223.00,11696,113367
03/14/2008,14:00,223.05,223.95,212.35,212.55,23067,110922
03/17/2008,14:00,213.35,214.75,198.55,201.25,39609,104232
03/18/2008,14:00,201.55,203.80,198.45,201.85,16705,102838
03/19/2008,14:00,202.10,203.25,194.65,196.80,22969,97267
03/20/2008,14:00,196.85,198.05,189.90,195.70,20914,91568
03/24/2008,14:00,195.70,197.25,192.10,193.75,11029,88758
03/25/2008,14:00,194.05,197.80,193.70,197.70,11858,87112
03/26/2008,14:00,196.75,199.40,194.65,196.60,12067,86211
03/27/2008,14:00,196.70,197.55,193.70,197.20,8656,84808
03/28/2008,14:00,197.20,197.35,193.50,194.05,10382,82051
03/31/2008,14:00,194.05,195.55,191.00,191.10,18762,74918
04/01/2008,14:00,191.05,194.30,190.25,193.70,15877,70666
04/02/2008,14:00,193.80,195.50,192.40,193.75,11708,68548
04/03/2008,14:00,193.30,196.75,192.50,196.20,10533,66977
04/04/2008,14:00,195.35,196.50,194.55,196.15,7142,65655
04/07/2008,14:00,196.25,198.05,195.80,196.15,14246,61697
04/08/2008,14:00,197.80,198.55,196.85,197.00,12021,58992
04/09/2008,14:00,197.20,201.55,195.50,200.85,22809,52064
04/10/2008,14:00,201.00,202.00,194.05,201.05,22846,49597
04/11/2008,14:00,198.55,199.85,196.80,197.35,15714,74940
04/14/2008,14:00,197.65,198.75,196.90,197.10,10897,77201
04/15/2008,14:00,197.05,202.45,197.05,200.00,12028,79628
04/16/2008,14:00,199.85,203.25,199.85,201.05,15846,82592
04/17/2008,14:00,201.35,206.90,201.15,206.05,21685,86008
04/18/2008,14:00,206.05,206.05,198.75,201.00,20132,88526
04/21/2008,14:00,201.50,203.30,196.95,197.50,21752,92913
04/22/2008,14:00,197.75,201.90,197.60,200.85,20430,92995
04/23/2008,14:00,200.90,201.35,198.45,200.20,6918,93193
04/24/2008,14:00,200.15,200.70,195.55,196.15,10434,92665
04/25/2008,14:00,196.10,196.70,193.35,195.80,14946,91651
04/28/2008,14:00,195.55,200.15,195.55,198.50,10696,90364
04/29/2008,14:00,198.60,199.95,196.80,199.45,8372,90761
04/30/2008,14:00,199.35,200.45,198.35,199.50,8815,90227
05/01/2008,14:00,199.55,199.55,193.10,193.90,18295,90628
05/02/2008,14:00,194.50,195.60,192.85,193.55,15964,88902
05/05/2008,14:00,193.55,197.75,192.95,196.65,10351,87458
05/06/2008,14:00,196.80,198.25,195.65,197.90,9559,86902
05/07/2008,14:00,197.70,197.95,193.85,197.90,10753,86284
05/08/2008,14:00,194.55,199.25,194.55,198.75,15502,86271
05/09/2008,14:00,198.60,204.05,198.50,200.60,19238,85467
05/12/2008,14:00,200.60,203.45,199.50,202.95,9466,85040
05/13/2008,14:00,202.95,203.20,199.70,201.35,9693,84692
05/14/2008,14:00,201.30,202.65,200.25,202.05,6306,84386
05/15/2008,14:00,202.05,203.80,193.55,201.00,8980,84629
05/16/2008,14:00,201.00,202.85,200.60,202.50,6649,84532
05/19/2008,14:00,202.30,204.05,198.95,199.30,14779,85366
05/20/2008,14:00,199.05,201.75,199.05,200.95,11174,84422
05/21/2008,14:00,201.05,205.70,200.85,205.00,21733,85617
05/22/2008,14:00,205.20,206.05,197.30,198.05,18911,84028
05/23/2008,14:00,198.35,199.45,197.20,198.80,9731,81952
05/27/2008,14:00,198.55,199.45,195.55,195.90,12307,80589
05/28/2008,14:00,196.05,200.30,195.40,199.85,11785,78988
05/29/2008,14:00,199.85,201.05,196.25,196.85,11278,76947
05/30/2008,14:00,196.70,198.80,196.65,197.90,8593,76108
06/02/2008,14:00,197.90,202.55,196.75,201.65,19644,75083
06/03/2008,14:00,201.50,201.50,195.60,196.85,20291,69324
06/04/2008,14:00,196.80,197.80,195.65,196.90,12142,65989
06/05/2008,14:00,197.20,201.30,196.85,200.00,16357,59704
06/06/2008,14:00,200.00,201.55,198.50,199.80,15675,56099
06/09/2008,14:00,199.90,200.10,194.55,195.10,23682,51764
06/10/2008,14:00,195.55,199.90,194.90,199.30,20605,47302
06/11/2008,14:00,201.15,202.10,198.40,200.10,14963,64073
06/12/2008,14:00,200.30,201.50,199.80,201.10,12501,68971
06/13/2008,14:00,201.05,201.45,199.85,201.15,6033,71424
06/16/2008,14:00,200.85,206.05,200.80,203.15,39442,74825
06/17/2008,14:00,203.15,206.00,202.10,205.40,18677,77535
06/18/2008,14:00,206.05,206.80,201.80,204.15,18184,80538
06/19/2008,14:00,203.90,206.15,202.70,204.20,18264,82922
06/20/2008,14:00,204.05,212.55,203.60,211.10,21798,85930
06/23/2008,14:00,210.75,212.55,208.35,210.65,12431,85417
06/24/2008,14:00,210.50,215.15,210.30,213.00,14558,86779
06/25/2008,14:00,213.20,215.15,211.65,214.75,13644,87606
06/26/2008,14:00,214.90,219.25,214.20,219.25,16741,90258
06/27/2008,14:00,218.25,219.05,215.30,216.00,8820,89972
06/30/2008,14:00,216.00,220.35,214.00,217.00,15326,90146
07/01/2008,14:00,217.25,219.85,216.55,218.80,10591,91383
07/02/2008,14:00,219.20,220.25,217.35,219.90,9290,91988
07/07/2008,14:00,215.30,215.55,205.45,207.15,19351,90154
07/08/2008,14:00,207.15,207.80,202.15,206.00,21713,87232
07/09/2008,14:00,205.90,206.75,203.65,204.25,9013,85856
07/10/2008,14:00,204.70,206.20,203.35,206.15,12876,82283
07/11/2008,14:00,206.35,207.85,205.20,206.55,8334,82327
07/14/2008,14:00,206.40,207.95,204.40,206.85,6455,81981
07/15/2008,14:00,206.85,208.75,203.55,204.55,12876,82283
07/16/2008,14:00,204.95,205.95,202.85,204.55,8815,81912
07/17/2008,14:00,205.15,207.40,200.85,201.10,19320,79185
07/18/2008,14:00,201.30,202.80,200.65,201.85,10760,79322
07/21/2008,14:00,201.80,202.20,200.65,201.90,5237,78568
07/22/2008,14:00,201.85,202.60,200.70,201.25,6380,78405
07/23/2008,14:00,201.45,201.55,198.95,199.15,12260,78405
07/24/2008,14:00,199.25,199.80,198.00,199.25,7947,76255
07/25/2008,14:00,199.30,202.05,198.40,201.35,9262,75937
07/28/2008,14:00,201.35,201.60,198.80,199.50,7037,76109
07/29/2008,14:00,199.55,201.50,199.05,201.25,9160,74628
07/30/2008,14:00,201.25,202.45,200.50,201.80,7902,73088
07/31/2008,14:00,201.60,203.65,201.05,203.55,14151,70274
08/01/2008,14:00,203.55,204.80,201.70,204.20,0,70274
08/04/2008,14:00,203.85,204.30,198.85,200.90,17075,69038
08/05/2008,14:00,200.55,206.30,199.15,204.25,0,65944
08/06/2008,14:00,204.25,205.00,201.25,201.95,0,63037
08/07/2008,14:00,202.10,205.85,201.85,204.50,0,59031
08/08/2008,14:00,204.30,204.50,199.65,199.85,26090,55779
08/11/2008,14:00,199.75,202.15,199.65,199.95,0,66437
08/12/2008,14:00,199.95,204.15,198.60,201.50,0,68006
08/13/2008,14:00,201.65,201.95,197.00,199.60,0,74830
08/14/2008,14:00,199.60,201.00,198.70,199.20,0,79813
08/15/2008,14:00,198.65,199.20,195.30,196.95,0,83369
08/18/2008,14:00,196.85,198.95,196.55,198.10,0,85823
08/19/2008,14:00,198.15,201.80,197.05,200.25,0,92095
08/20/2008,14:00,200.25,202.45,200.00,201.35,0,94755
08/21/2008,14:00,201.90,205.50,201.80,203.80,0,97858
08/22/2008,14:00,203.85,205.15,201.95,204.35,7741,98087
08/25/2008,14:00,203.35,204.35,202.75,203.45,3585,98850
08/26/2008,14:00,203.45,208.95,202.45,208.10,13648,99416
08/27/2008,14:00,208.30,212.40,207.70,208.25,17446,99764
08/28/2008,14:00,207.95,211.40,206.65,207.95,10447,97787
08/29/2008,14:00,208.15,210.35,205.35,205.90,7600,101014
09/02/2008,14:00,205.15,205.40,201.95,204.60,13684,101192
09/03/2008,14:00,204.90,205.65,202.65,203.55,13574,99389
09/04/2008,14:00,204.10,207.50,203.15,206.90,9681,96599
09/05/2008,14:00,206.90,208.15,201.25,202.80,15542,96365
09/08/2008,14:00,203.35,204.55,201.80,203.15,10886,94762
09/09/2008,14:00,202.15,203.35,200.05,200.25,12071,93488
09/10/2008,14:00,200.15,201.50,198.65,200.95,11747,91971
09/11/2008,14:00,200.10,200.40,197.40,198.60,12450,92648
09/12/2008,14:00,198.65,200.35,198.40,199.35,8307,91642
09/15/2008,14:00,199.30,200.15,196.30,199.20,14292,89652
09/16/2008,14:00,198.35,198.45,193.05,193.55,27128,90217
09/17/2008,14:00,194.10,195.35,192.00,193.05,13519,91199
09/18/2008,14:00,193.45,195.95,190.50,190.60,15744,89676
09/19/2008,14:00,191.25,194.55,190.55,193.25,8567,88572
09/22/2008,14:00,194.55,197.30,194.10,196.75,10063,89279
09/23/2008,14:00,197.15,197.95,194.70,195.05,7640,87846
09/24/2008,14:00,195.65,197.15,194.80,195.80,5944,87626
09/25/2008,14:00,195.30,198.65,193.90,197.75,11525,88848
09/26/2008,14:00,197.75,197.80,193.00,194.30,22305,87188
09/29/2008,14:00,194.15,194.15,189.45,190.40,12320,90713
09/30/2008,14:00,189.95,191.50,188.95,190.60,9207,89557
10/01/2008,14:00,191.25,192.05,188.60,189.25,10664,88132
10/02/2008,14:00,189.25,189.65,184.95,185.60,14011,86869
10/03/2008,14:00,185.30,186.00,181.75,182.20,15830,85926
10/06/2008,14:00,181.05,182.20,173.10,174.65,25007,85723
10/07/2008,14:00,174.65,176.45,174.15,174.35,10881,83600
10/08/2008,14:00,174.15,176.15,169.50,174.70,15842,83817
10/09/2008,14:00,174.70,176.60,174.65,174.80,7673,83156
10/10/2008,14:00,173.55,177.05,170.45,175.50,12030,83156
10/13/2008,14:00,176.50,180.50,176.20,177.80,7970,80375
10/14/2008,14:00,179.10,181.25,178.50,179.10,7805,77707
10/15/2008,14:00,178.90,178.90,172.35,173.40,8906,77773
10/16/2008,14:00,172.15,175.70,171.60,173.10,9875,76001
10/17/2008,14:00,174.35,176.50,173.70,175.75,6929,75899
10/20/2008,14:00,177.15,177.50,174.45,174.65,6553,73971
10/21/2008,14:00,175.55,176.65,173.60,174.40,5865,74084
10/22/2008,14:00,174.20,174.35,172.30,172.75,5744,73707
10/23/2008,14:00,172.25,173.00,169.90,170.25,9094,73993
10/24/2008,14:00,170.25,172.10,166.45,168.80,11166,73290
10/27/2008,14:00,168.20,168.65,165.20,167.90,9690,72762
10/28/2008,14:00,169.10,171.05,167.15,167.85,6417,72035
10/29/2008,14:00,169.40,174.30,169.40,172.35,9416,71506
10/30/2008,14:00,174.55,174.80,170.65,171.15,8821,70413
10/31/2008,14:00,171.15,174.20,169.30,173.15,11316,69175
11/03/2008,14:00,174.15,174.65,171.65,172.50,5879,66719
11/04/2008,14:00,173.15,178.10,172.40,176.85,10556,64823
11/05/2008,14:00,176.65,178.65,175.15,176.55,7034,63872
11/06/2008,14:00,175.85,176.40,169.50,171.15,10877,61973
11/07/2008,14:00,171.15,172.80,170.80,172.25,11301,56379
11/10/2008,14:00,173.10,176.65,172.55,172.95,8316,52841
11/11/2008,14:00,172.95,173.85,171.80,172.40,286,48142
11/12/2008,14:00,173.45,173.45,171.05,171.85,2842,53261
11/13/2008,14:00,171.35,174.70,170.30,170.40,5114,58214
11/14/2008,14:00,171.25,172.55,170.45,170.90,2955,63964
11/17/2008,14:00,170.90,171.90,166.05,170.15,12703,66316
11/18/2008,14:00,170.35,171.30,169.15,170.05,5430,70045
11/19/2008,14:00,169.60,173.30,168.15,169.50,10471,71981
11/20/2008,14:00,168.95,168.95,166.55,166.80,8774,71832
11/21/2008,14:00,166.45,168.55,166.10,166.20,4994,72500
11/24/2008,14:00,166.50,170.70,166.35,169.50,8731,72370
11/25/2008,14:00,169.55,171.25,168.75,169.85,6082,72123
11/26/2008,14:00,169.70,172.25,169.35,171.75,6645,72218
11/28/2008,14:00,172.95,172.95,170.35,171.55,3876,72426
12/01/2008,14:00,171.25,171.45,168.35,169.00,5984,72430
12/02/2008,14:00,168.95,169.75,166.35,167.35,8094,71691
12/03/2008,14:00,167.10,168.45,165.75,166.70,7489,72152
12/04/2008,14:00,166.00,166.40,161.00,161.60,13924,73633
12/05/2008,14:00,162.10,163.45,157.60,158.65,10774,75153
12/08/2008,14:00,160.45,165.35,160.40,164.95,10237,75153
12/09/2008,14:00,164.50,167.55,162.45,165.30,9906,72669
12/10/2008,14:00,165.30,167.15,164.65,166.50,5892,71681
12/11/2008,14:00,166.65,169.15,166.65,168.15,6632,72066
12/12/2008,14:00,167.15,168.90,165.85,167.60,5389,72936
12/15/2008,14:00,168.45,169.45,165.35,166.00,7199,73580
12/16/2008,14:00,166.25,167.40,165.70,166.55,4544,71837
12/17/2008,14:00,167.65,169.25,166.35,167.75,6910,71709
12/18/2008,14:00,167.95,169.05,167.15,167.95,4527,71578
12/19/2008,14:00,167.70,167.80,165.70,166.40,4120,71491
12/22/2008,14:00,166.45,166.70,162.50,163.80,5500,71198
12/23/2008,14:00,163.45,164.35,162.50,162.90,2623,71323
12/24/2008,14:00,162.95,164.00,162.80,163.50,1135,70967
12/26/2008,14:00,163.75,164.80,163.40,163.85,1103,71152
12/29/2008,14:00,163.70,164.80,161.70,162.10,3899,71257
12/30/2008,14:00,162.05,163.45,162.00,163.00,2509,71839
12/31/2008,14:00,163.20,168.45,162.70,167.50,7875,71992
01/02/2009,14:00,167.30,167.50,164.55,166.35,3880,72321
01/05/2009,14:00,166.35,167.05,161.50,163.15,11590,72497
01/06/2009,14:00,163.95,172.15,163.70,171.55,20637,74048
01/07/2009,14:00,171.45,172.65,169.20,169.65,8448,74283
01/08/2009,14:00,169.15,171.85,168.50,168.90,6948,74425
01/09/2009,14:00,169.50,174.95,169.20,172.35,12276,72370
01/12/2009,14:00,172.20,174.30,169.75,169.95,7022,74185
01/13/2009,14:00,169.50,172.30,169.00,170.20,6728,72343
01/14/2009,14:00,171.25,172.10,169.80,170.10,5245,71817
01/15/2009,14:00,170.45,171.10,168.70,169.35,6079,70143
01/16/2009,14:00,170.95,172.95,170.45,171.25,5383,69846
01/20/2009,14:00,170.60,171.80,169.35,170.35,4867,69399
01/21/2009,14:00,170.45,173.45,168.15,173.00,9725,69450
01/22/2009,14:00,173.20,175.85,173.00,174.90,10639,68486
01/23/2009,14:00,174.45,176.05,173.45,175.10,6133,65925
01/26/2009,14:00,174.50,177.95,174.20,177.65,7576,65865
01/27/2009,14:00,177.90,178.85,175.80,177.35,7290,64495
01/28/2009,14:00,177.45,178.20,176.35,177.95,5139,64276
01/29/2009,14:00,177.75,177.95,176.10,176.95,5765,63950
01/30/2009,14:00,176.75,177.30,173.35,174.35,10743,62658
02/02/2009,14:00,174.35,175.95,172.45,175.20,9806,61979
02/03/2009,14:00,175.20,175.65,173.25,174.70,9464,59416
02/04/2009,14:00,174.60,174.70,170.75,171.35,13296,58256
02/05/2009,14:00,171.30,175.30,169.55,174.65,13370,56258
02/06/2009,14:00,174.35,176.20,173.20,175.00,14231,54165
02/09/2009,14:00,174.65,177.60,173.70,176.85,8849,49215
02/10/2009,14:00,176.20,176.85,171.85,172.30,10794,44155
02/11/2009,14:00,169.95,173.30,169.10,171.10,7573,56069
02/12/2009,14:00,170.40,171.70,166.85,167.75,7119,61310
02/13/2009,14:00,168.80,169.20,167.10,168.30,4393,62676
02/17/2009,14:00,167.45,168.10,166.00,166.35,6654,67146
02/18/2009,14:00,166.20,166.80,164.35,164.90,6830,71040
02/19/2009,14:00,164.55,166.65,164.55,165.80,5223,72543
02/20/2009,14:00,165.50,165.85,163.85,164.50,5673,71643
02/23/2009,14:00,164.75,167.65,164.75,166.45,5345,71888
02/24/2009,14:00,166.15,167.40,165.20,166.60,4070,71575
02/25/2009,14:00,167.05,167.40,165.00,166.15,4715,71763
02/26/2009,14:00,166.30,168.25,165.40,166.45,6793,72215
02/27/2009,14:00,166.40,166.45,163.35,165.20,7993,71793
03/02/2009,14:00,164.65,165.05,158.80,159.00,14911,72197
03/03/2009,14:00,159.60,161.10,159.20,159.80,7371,72227
03/04/2009,14:00,160.05,162.95,160.05,162.00,8987,72007
03/05/2009,14:00,162.05,162.20,160.15,162.00,7401,71987
03/06/2009,14:00,161.80,162.50,160.45,160.50,5769,71806
03/09/2009,14:00,160.60,160.95,157.65,159.60,6985,71895
03/10/2009,14:00,159.40,160.45,158.90,159.25,4666,72149
03/11/2009,14:00,159.05,161.15,158.65,160.35,5795,72752
03/12/2009,14:00,160.30,166.25,157.75,163.85,16784,73332
03/13/2009,14:00,163.85,165.70,162.90,163.45,8473,72297
03/16/2009,14:00,162.75,165.10,161.90,164.05,5380,71231
03/17/2009,14:00,164.10,165.40,163.05,164.55,5462,71429
03/18/2009,14:00,165.30,167.55,164.45,166.45,7599,70510
03/19/2009,14:00,167.30,170.50,167.30,169.45,12614,69704
03/20/2009,14:00,169.00,171.40,168.45,169.50,9206,68861
03/23/2009,14:00,169.85,170.95,169.20,170.80,6771,67059
03/24/2009,14:00,170.30,171.20,169.55,170.05,5906,67401
03/25/2009,14:00,169.60,170.50,168.60,170.00,6042,66917
03/26/2009,14:00,170.30,172.50,170.30,170.65,8091,66194
03/27/2009,14:00,170.70,170.95,167.85,169.15,5547,66215
03/30/2009,14:00,168.80,168.85,166.15,166.30,7042,65207
03/31/2009,14:00,166.65,169.45,166.60,169.05,6484,64583
04/01/2009,14:00,168.85,169.35,167.45,167.80,6863,64360
04/02/2009,14:00,167.95,171.45,167.95,170.10,8626,63382
04/03/2009,14:00,170.10,172.70,169.20,171.70,10351,62278
04/06/2009,14:00,172.30,172.60,169.70,170.80,4864,61068
04/07/2009,14:00,170.50,171.65,169.35,170.80,4702,58853
04/08/2009,14:00,170.30,172.10,170.10,171.50,4031,55332
04/09/2009,14:00,171.75,174.65,171.55,174.65,5935,46980
04/13/2009,14:00,171.90,173.60,166.30,168.55,4402,51040
04/14/2009,14:00,168.75,169.45,166.95,168.75,2495,53556
04/15/2009,14:00,168.65,169.55,167.60,168.80,4423,58814
04/16/2009,14:00,168.60,169.45,166.50,166.80,4282,61392
04/17/2009,14:00,166.80,167.60,164.05,165.00,8660,63985
04/20/2009,14:00,164.80,165.60,164.05,164.85,4711,66765
04/21/2009,14:00,164.80,165.75,164.00,165.60,6062,68118
04/22/2009,14:00,165.55,170.25,164.10,169.00,12833,68761
04/23/2009,14:00,168.95,169.70,168.55,169.50,5018,68586
04/24/2009,14:00,169.25,170.75,167.75,170.70,5372,68462
04/27/2009,14:00,169.75,170.00,165.55,166.65,8743,68348
04/28/2009,14:00,166.65,167.90,165.35,167.50,4835,68773
04/29/2009,14:00,167.55,168.35,166.80,167.75,3811,68356
04/30/2009,14:00,167.90,168.10,165.65,167.15,5584,68213
05/01/2009,14:00,166.95,172.00,166.90,171.65,11631,68532
05/04/2009,14:00,171.55,173.10,170.40,172.10,6282,67617
05/05/2009,14:00,172.05,176.05,170.85,175.90,12591,67375
05/06/2009,14:00,175.55,176.50,174.75,176.15,6511,69411
05/07/2009,14:00,175.70,177.05,174.75,175.85,8646,69300
05/08/2009,14:00,175.25,179.10,174.80,177.95,8717,68642
05/11/2009,14:00,178.15,181.45,176.95,179.75,10308,70194
05/12/2009,14:00,179.35,182.00,178.70,180.05,9129,70073
05/13/2009,14:00,180.05,180.05,177.35,178.40,5849,68103
05/14/2009,14:00,177.70,179.65,176.10,179.25,7584,67412
05/15/2009,14:00,178.80,180.95,178.05,179.05,7253,67873
05/18/2009,14:00,178.80,181.20,178.30,180.65,4602,68541
05/19/2009,14:00,180.65,183.70,180.35,183.55,7104,68745
05/20/2009,14:00,183.10,185.85,182.00,184.55,8570,69038
05/21/2009,14:00,184.35,187.20,183.00,187.05,7085,68750
05/22/2009,14:00,186.85,188.65,184.90,186.25,7402,68605
05/26/2009,14:00,185.65,188.40,182.85,187.70,7952,68548
05/27/2009,14:00,187.95,189.05,185.35,186.75,6769,68068
05/28/2009,14:00,184.75,188.65,184.30,188.05,6117,66977
05/29/2009,14:00,187.75,190.10,187.05,188.65,8012,67164
06/01/2009,14:00,188.25,194.00,187.90,193.50,7321,64160
06/02/2009,14:00,192.75,194.15,191.25,193.25,7001,64646
06/03/2009,14:00,193.25,193.50,186.25,189.60,9980,64043
06/04/2009,14:00,189.60,190.75,187.30,190.45,6558,61324
06/05/2009,14:00,190.40,190.75,184.80,185.10,8735,60840
06/08/2009,14:00,184.85,185.10,179.75,181.30,12569,55191
06/09/2009,14:00,182.20,183.50,181.70,182.40,5654,45970
06/10/2009,14:00,183.25,183.25,179.20,181.55,8910,38473
06/11/2009,14:00,181.60,183.10,180.40,182.80,1779,60111
06/12/2009,14:00,182.55,182.55,179.40,180.75,2119,65701
06/15/2009,14:00,180.25,180.25,172.30,172.50,9230,67414
06/16/2009,14:00,173.00,174.60,172.70,173.65,7212,66473
06/17/2009,14:00,174.40,174.50,169.70,169.95,10669,68142
06/18/2009,14:00,170.30,172.80,169.25,171.95,7461,69584
06/19/2009,14:00,172.10,172.30,168.00,168.80,8615,69093
06/22/2009,14:00,168.80,170.00,168.30,169.55,5253,68703
06/23/2009,14:00,169.25,169.70,166.95,168.05,8395,68776
06/24/2009,14:00,167.50,170.85,167.40,168.25,5662,68455
06/25/2009,14:00,168.10,169.90,166.65,169.35,6921,68705
06/26/2009,14:00,169.65,170.00,167.90,168.30,3763,68924
06/29/2009,14:00,168.10,170.80,167.60,169.35,4690,70390
06/30/2009,14:00,168.90,170.65,167.80,169.00,6066,67068
07/01/2009,14:00,168.80,170.20,167.70,168.15,5273,67278
07/02/2009,14:00,168.05,168.40,166.15,166.90,5533,67558
07/06/2009,14:00,167.00,169.30,165.75,167.20,7083,66704
07/07/2009,14:00,167.90,168.40,165.60,165.80,6617,66072
07/08/2009,14:00,166.15,166.50,163.85,164.30,6849,66005
07/09/2009,14:00,164.50,167.90,163.55,164.75,10903,64804
07/10/2009,14:00,164.85,166.30,162.45,163.50,7014,63657
07/13/2009,14:00,163.20,164.20,162.50,164.00,4453,62810
07/14/2009,14:00,164.00,166.70,163.65,164.60,6862,61639
07/15/2009,14:00,164.75,168.65,164.75,167.05,6808,61662
07/16/2009,14:00,167.85,168.15,163.70,164.75,9512,61703
07/17/2009,14:00,165.10,168.10,164.90,167.80,6356,62447
07/20/2009,14:00,168.10,171.90,167.90,171.40,8027,61203
07/21/2009,14:00,170.75,172.60,170.20,171.60,5940,61116
07/22/2009,14:00,171.65,172.40,165.45,169.20,9389,60961
07/23/2009,14:00,169.60,174.55,168.75,173.65,11197,60118
07/24/2009,14:00,173.65,174.50,172.50,173.05,3898,57815
07/27/2009,14:00,173.10,174.10,172.00,173.55,3606,57148
07/28/2009,14:00,174.10,175.40,169.40,171.90,10238,56543
07/29/2009,14:00,171.50,173.50,170.35,171.95,7638,55905
07/30/2009,14:00,172.50,175.00,172.20,174.05,5938,54634
07/31/2009,14:00,174.20,177.10,172.70,176.95,9309,52837
08/03/2009,14:00,177.25,182.50,177.15,182.15,11421,52130
08/04/2009,14:00,181.70,183.20,180.40,182.10,8339,50593
08/05/2009,14:00,182.10,182.95,179.70,180.60,6085,49157
08/06/2009,14:00,181.30,183.85,180.60,183.80,7339,48595
08/07/2009,14:00,183.50,187.15,182.20,187.00,9151,48183
08/10/2009,14:00,186.45,188.10,184.00,188.10,5783,38845
08/11/2009,14:00,184.75,186.45,183.20,186.00,3267,40922
08/12/2009,14:00,185.35,186.40,184.05,184.65,2286,44553
08/13/2009,14:00,184.05,185.35,180.90,182.00,11102,50568
08/14/2009,14:00,181.45,182.80,177.50,178.30,12003,58009
08/17/2009,14:00,177.45,177.45,173.65,174.90,7191,59313
08/18/2009,14:00,174.95,175.50,172.20,174.20,6496,61811
08/19/2009,14:00,173.95,174.85,172.65,174.65,6009,64433
08/20/2009,14:00,174.80,174.80,171.55,171.75,7421,65623
08/21/2009,14:00,171.70,174.45,170.95,171.00,6730,65909
08/24/2009,14:00,171.05,172.35,168.20,168.45,8200,65363
08/25/2009,14:00,168.35,169.65,167.25,167.35,6264,64843
08/26/2009,14:00,167.35,170.70,166.70,170.45,7509,64817
08/27/2009,14:00,170.25,170.85,166.95,167.30,7175,65382
08/28/2009,14:00,167.95,169.55,167.65,168.25,4774,65861
08/31/2009,14:00,168.10,168.65,166.25,168.25,6004,65766
09/01/2009,14:00,168.55,169.45,165.95,166.05,8351,65774
09/02/2009,14:00,165.95,168.05,165.85,167.10,6096,65837
09/03/2009,14:00,167.20,168.35,166.05,166.75,4314,66023
09/04/2009,14:00,166.95,170.75,166.55,170.05,5971,66815
09/08/2009,14:00,170.95,172.55,169.40,170.55,6304,66450
09/09/2009,14:00,170.75,172.05,170.25,171.15,4393,67462
09/10/2009,14:00,171.30,172.15,169.15,170.60,5435,65830
09/11/2009,14:00,170.60,173.95,170.45,172.50,7515,65270
09/14/2009,14:00,171.60,179.85,171.05,179.05,13939,64914
09/15/2009,14:00,179.80,181.15,177.55,180.55,11162,64490
09/16/2009,14:00,180.55,182.35,179.30,180.15,8450,64633
09/17/2009,14:00,180.45,183.00,180.15,182.00,8257,64363
09/18/2009,14:00,181.45,183.10,179.75,182.00,8684,64461
09/21/2009,14:00,181.55,184.25,181.05,181.60,6396,64495
09/22/2009,14:00,181.95,184.20,181.05,184.00,9310,65156
09/23/2009,14:00,183.45,184.20,181.00,182.35,6711,66653
09/24/2009,14:00,181.45,181.70,174.45,175.25,14384,66410
09/25/2009,14:00,175.25,175.80,173.05,173.65,5916,65095
09/28/2009,14:00,173.30,174.50,172.95,173.10,4373,63571
09/29/2009,14:00,173.10,173.35,171.25,171.45,8226,62597
09/30/2009,14:00,171.60,173.95,171.50,173.75,6464,61006
10/01/2009,14:00,173.45,175.70,171.85,172.65,9276,61225
10/02/2009,14:00,172.65,175.95,172.20,175.65,7739,60051
10/05/2009,14:00,175.65,177.60,174.80,175.40,6203,60091
10/06/2009,14:00,175.95,181.30,175.65,179.55,9878,60690
10/07/2009,14:00,179.55,181.30,179.00,180.20,5921,61471
10/08/2009,14:00,180.95,184.95,180.85,183.85,11289,62084
10/09/2009,14:00,182.95,184.90,181.15,181.60,7285,63374
10/12/2009,14:00,181.20,184.85,179.55,184.00,7435,64451
10/13/2009,14:00,184.10,185.70,181.75,184.40,8601,65588
10/14/2009,14:00,184.70,185.40,183.95,185.20,5866,66618
10/15/2009,14:00,185.20,185.40,182.25,183.70,6260,67516
10/16/2009,14:00,183.70,188.95,182.55,188.80,13591,67569
10/19/2009,14:00,188.80,191.35,187.20,190.20,10053,70740
10/20/2009,14:00,189.95,189.95,185.95,187.75,9061,72275
10/21/2009,14:00,187.80,190.35,185.95,190.25,8441,73022
10/22/2009,14:00,189.50,189.75,186.25,189.60,8299,74234
10/23/2009,14:00,189.20,189.20,181.90,183.10,15055,73025
10/26/2009,14:00,182.70,185.15,180.15,182.45,10256,71212
10/27/2009,14:00,182.35,183.65,181.35,182.30,6151,70013
10/28/2009,14:00,182.30,182.50,178.90,180.55,8696,69032
10/29/2009,14:00,180.70,183.50,179.50,182.70,8341,66638
10/30/2009,14:00,182.90,184.45,179.80,181.45,8989,65042
11/02/2009,14:00,180.95,189.05,180.90,188.30,16727,63483
11/03/2009,14:00,187.70,188.00,184.95,187.05,9255,60021
11/04/2009,14:00,187.05,188.90,185.65,186.70,7701,57317
11/05/2009,14:00,186.50,189.95,185.70,188.05,8603,57946
11/06/2009,14:00,188.05,189.10,184.05,184.85,9869,52266
11/09/2009,14:00,185.45,188.20,185.05,186.00,6361,49399
11/10/2009,14:00,185.40,186.05,179.10,180.00,20703,54625
11/11/2009,14:00,180.45,181.95,177.95,178.65,8894,57317
11/12/2009,14:00,178.35,178.65,175.90,176.50,16471,61128
11/13/2009,14:00,176.10,178.55,175.90,177.05,16323,65445
11/16/2009,14:00,178.40,183.20,177.95,182.30,9791,69522
11/17/2009,14:00,182.10,182.30,180.10,181.70,5412,71618
11/18/2009,14:00,182.35,185.60,181.95,183.40,9003,73430
11/19/2009,14:00,182.85,182.90,178.15,179.90,9310,72696
11/20/2009,14:00,180.60,180.75,177.70,178.60,6688,72023
11/23/2009,14:00,179.90,182.25,179.90,180.25,5758,71919
11/24/2009,14:00,180.05,181.05,178.65,179.00,5564,71495
11/25/2009,14:00,179.75,182.55,179.60,181.75,7252,71495
11/27/2009,14:00,178.75,181.35,176.85,180.90,6324,70375
11/30/2009,14:00,181.60,186.35,181.50,184.85,12256,73893
12/01/2009,14:00,184.85,187.45,184.05,185.55,9755,75189
12/02/2009,14:00,185.85,187.15,185.15,186.55,6014,76104
12/03/2009,14:00,186.85,188.20,186.20,187.50,7388,77598
12/04/2009,14:00,186.85,187.50,182.35,184.20,11238,76335
12/07/2009,14:00,184.85,190.75,183.40,189.45,14866,79314
12/08/2009,14:00,188.85,189.35,186.45,186.75,7600,79144
12/09/2009,14:00,186.95,189.50,184.10,184.50,10892,78851
12/10/2009,14:00,184.55,187.05,184.55,185.55,5754,78590
12/11/2009,14:00,185.60,187.35,183.15,185.50,8185,77857
12/14/2009,14:00,186.05,189.45,185.70,188.75,8564,79797
12/15/2009,14:00,188.75,192.25,187.55,190.10,12640,83271
12/16/2009,14:00,190.45,192.35,190.45,191.15,6711,85099
12/17/2009,14:00,190.55,191.05,187.75,189.05,8291,85266
12/18/2009,14:00,189.40,190.40,186.15,188.10,7644,84471
12/21/2009,14:00,189.25,190.10,188.00,188.45,4914,84632
12/22/2009,14:00,188.35,188.60,183.55,185.30,11860,83002
12/23/2009,14:00,185.15,186.25,183.90,185.50,4868,82507
12/24/2009,14:00,186.10,186.40,181.95,182.15,4797,82507
12/28/2009,14:00,182.70,183.45,179.70,179.80,8750,78673
12/29/2009,14:00,180.10,181.85,179.15,179.20,5544,77722
12/30/2009,14:00,179.35,181.00,178.85,179.50,6361,78102
12/31/2009,14:00,180.80,181.05,178.65,178.80,4088,78102
01/04/2010,14:00,178.85,185.30,178.85,184.70,11401,77189
01/05/2010,14:00,184.70,185.55,183.25,183.85,8093,77410
01/06/2010,14:00,184.45,185.50,182.90,184.45,7303,76963
01/07/2010,14:00,184.40,185.25,182.70,184.75,5908,76260
01/08/2010,14:00,185.30,188.85,184.80,188.20,14723,78314
01/11/2010,14:00,188.70,189.80,185.40,186.55,10178,78266
01/12/2010,14:00,186.85,187.70,185.35,185.95,7515,76120
01/13/2010,14:00,185.80,188.90,185.60,188.00,10615,78377
01/14/2010,14:00,188.00,188.55,186.40,187.20,6124,77382
01/15/2010,14:00,186.70,187.40,183.25,183.60,11724,76159
01/19/2010,14:00,183.85,185.10,183.00,183.75,7524,75807
01/20/2010,14:00,183.35,183.35,181.30,182.05,11997,74430
01/21/2010,14:00,182.30,183.00,180.40,181.55,9214,72649
01/22/2010,14:00,181.60,184.10,180.15,182.45,13137,72518
01/25/2010,14:00,182.65,183.25,181.40,182.25,5645,72528
01/26/2010,14:00,181.90,182.05,179.85,181.10,9417,71454
01/27/2010,14:00,180.85,181.85,176.20,176.40,21247,67258
01/28/2010,14:00,176.80,177.75,174.90,175.80,12276,65109
01/29/2010,14:00,175.45,176.75,174.45,174.55,7708,64031
02/01/2010,14:00,174.85,176.05,174.05,175.40,7625,61293
02/02/2010,14:00,175.70,178.50,175.05,177.90,11608,58003
02/03/2010,14:00,178.30,178.80,175.25,175.85,10858,56783
02/04/2010,14:00,175.60,176.00,172.90,174.40,15347,54550
02/05/2010,14:00,174.30,174.70,171.35,171.65,19211,49877
02/08/2010,14:00,172.20,174.45,171.35,173.50,14520,45302
02/09/2010,14:00,173.30,175.05,172.30,173.25,19005,42788
02/10/2010,14:00,172.95,175.50,172.25,175.05,30100,42788
02/11/2010,14:00,175.05,176.70,174.35,174.90,15565,68150
02/12/2010,14:00,174.75,176.00,172.70,175.55,10554,68150
02/16/2010,14:00,175.95,177.70,174.85,176.30,9954,73261
02/17/2010,14:00,176.50,176.90,174.85,175.90,5592,79048
02/18/2010,14:00,175.50,178.60,175.30,177.65,8566,79300
02/19/2010,14:00,176.75,178.40,176.00,178.30,5390,79370
02/22/2010,14:00,177.90,178.25,172.55,173.15,13954,81501
02/23/2010,14:00,173.25,174.05,172.55,173.50,7059,79763
02/24/2010,14:00,173.60,174.55,173.05,174.10,4761,78840
02/25/2010,14:00,173.15,173.55,169.50,171.05,12803,77630
02/26/2010,14:00,171.50,173.45,171.20,172.45,7261,77046
03/01/2010,14:00,172.45,174.30,171.45,173.00,6654,76159
03/02/2010,14:00,172.50,174.10,172.05,173.55,5188,74728
03/03/2010,14:00,172.95,173.95,171.50,173.35,5934,75255
03/04/2010,14:00,173.05,173.40,169.95,171.45,10414,75645
03/05/2010,14:00,171.65,172.50,171.25,171.65,4174,76134
03/08/2010,14:00,171.65,173.20,171.25,172.35,6097,76393
03/09/2010,14:00,172.20,175.50,171.35,174.00,11462,75937
03/10/2010,14:00,173.75,175.00,172.65,174.00,5388,74330
03/11/2010,14:00,173.70,175.25,173.70,175.00,4529,73077
03/12/2010,14:00,175.25,176.45,173.00,173.75,10916,74198
03/15/2010,14:00,173.65,174.15,170.95,172.30,8593,73737
03/16/2010,14:00,172.50,174.65,171.85,174.00,6484,73735
03/17/2010,14:00,174.25,175.10,173.75,174.85,3972,73005
03/18/2010,14:00,174.65,178.05,173.90,176.80,12350,71439
03/19/2010,14:00,176.55,177.00,171.90,173.75,11447,72258
03/22/2010,14:00,173.35,174.90,172.10,174.25,7384,72179
03/23/2010,14:00,174.25,176.25,173.65,176.00,8057,71576
03/24/2010,14:00,175.70,176.45,174.55,175.55,5577,70249
03/25/2010,14:00,175.55,178.70,175.40,178.25,12331,68630
03/26/2010,14:00,178.10,179.20,176.60,177.10,8944,67354
03/29/2010,14:00,177.20,179.80,177.10,179.40,8483,66570
03/30/2010,14:00,179.50,180.25,178.55,180.20,6835,64767
03/31/2010,14:00,180.25,180.30,175.95,177.40,13936,61752
04/01/2010,14:00,177.80,179.20,177.55,178.65,6052,61752
04/05/2010,14:00,178.75,181.10,178.55,180.90,7243,57775
04/06/2010,14:00,180.75,181.00,179.00,180.45,6990,55034
04/07/2010,14:00,180.10,180.45,177.75,178.80,7471,54057
04/08/2010,14:00,178.65,178.85,175.05,175.95,12924,47687
04/09/2010,14:00,176.45,176.75,173.75,173.95,9321,47687
04/12/2010,14:00,174.60,175.40,174.30,174.75,2681,50622
04/13/2010,14:00,174.75,175.20,173.05,173.30,5113,54349
04/14/2010,14:00,173.30,174.15,172.85,172.95,4134,58398
04/15/2010,14:00,172.70,173.40,171.10,172.85,9038,61676
04/16/2010,14:00,172.45,173.20,170.15,170.25,9758,67754
04/19/2010,14:00,170.05,171.05,170.00,170.20,7286,70288
04/20/2010,14:00,170.75,171.65,170.15,170.35,6808,73257
04/21/2010,14:00,170.35,171.30,169.80,170.70,7477,76774
04/22/2010,14:00,170.80,171.55,169.70,170.90,10204,79312
04/23/2010,14:00,171.10,172.60,170.50,171.40,10332,79864
04/26/2010,14:00,171.65,172.85,171.30,172.10,5859,80477
04/27/2010,14:00,171.55,171.85,169.65,170.30,8334,81309
04/28/2010,14:00,170.30,174.15,170.15,173.35,14577,79278
04/29/2010,14:00,173.35,174.45,172.65,174.05,8090,79486
04/30/2010,14:00,174.25,175.20,173.60,174.75,7443,78949
05/03/2010,14:00,174.65,178.10,174.25,178.00,14296,78899
05/04/2010,14:00,178.00,178.15,175.85,176.95,11854,77055
05/05/2010,14:00,176.95,177.20,176.00,176.75,8193,77389
05/06/2010,14:00,176.45,176.55,172.45,172.65,16941,76317
05/07/2010,14:00,172.65,174.05,170.70,173.35,13507,76538
05/10/2010,14:00,173.95,174.30,172.45,173.60,7708,76240
05/11/2010,14:00,173.35,176.30,173.05,175.60,10493,75505
05/12/2010,14:00,175.35,178.05,175.00,176.30,11899,75096
05/13/2010,14:00,176.45,177.40,175.95,176.55,5351,74357
05/14/2010,14:00,176.40,177.35,172.55,173.75,15783,73953
05/17/2010,14:00,173.50,173.50,171.45,172.00,9898,74389
05/18/2010,14:00,172.50,174.30,172.45,173.70,7730,71648
05/19/2010,14:00,173.45,173.45,171.65,171.95,8075,71443
05/20/2010,14:00,172.25,172.65,169.70,171.10,16250,72543
05/21/2010,14:00,171.60,172.50,170.55,171.85,7221,72423
05/24/2010,14:00,171.85,172.45,171.05,171.70,4398,71881
05/25/2010,14:00,171.35,172.75,170.05,172.20,9152,69720
05/26/2010,14:00,172.20,175.05,172.05,173.15,8384,68566
05/27/2010,14:00,173.45,174.60,173.00,174.20,6547,66403
05/28/2010,14:00,174.45,174.90,173.35,173.70,5769,66403
06/01/2010,14:00,173.45,177.05,172.60,176.00,15358,62273
06/02/2010,14:00,176.00,177.55,174.65,174.85,11526,58691
06/03/2010,14:00,175.30,175.75,174.45,175.05,5282,56500
06/04/2010,14:00,175.55,175.60,172.85,173.20,9030,55833
06/07/2010,14:00,172.85,173.10,172.00,172.55,6116,51497
06/08/2010,14:00,172.55,173.55,172.25,173.00,5854,46358
06/09/2010,14:00,173.45,174.10,172.70,173.90,6419,40942
06/10/2010,14:00,174.00,177.15,173.25,176.45,12408,40942
06/11/2010,14:00,176.55,185.45,176.45,184.00,15231,69645
06/14/2010,14:00,184.00,190.20,183.05,189.50,15839,74141
06/15/2010,14:00,188.90,198.95,186.05,197.85,25305,79665
06/16/2010,14:00,197.50,200.85,195.50,197.50,18311,82601
06/17/2010,14:00,196.70,198.80,194.55,195.70,12953,86194
06/18/2010,14:00,195.40,200.95,193.30,200.00,15381,89039
06/21/2010,14:00,199.90,203.35,196.25,198.70,13809,92259
06/22/2010,14:00,197.65,200.35,195.35,198.65,10890,93005
06/23/2010,14:00,198.20,199.35,196.75,198.40,7819,93362
06/24/2010,14:00,198.40,214.40,198.40,206.65,16753,93688
06/25/2010,14:00,206.70,208.75,203.90,206.80,10033,93356
06/28/2010,14:00,205.90,208.55,205.30,206.00,5241,93215
06/29/2010,14:00,205.40,205.90,198.00,201.05,11522,93568
06/30/2010,14:00,201.05,204.50,198.45,203.75,12600,93205
07/01/2010,14:00,203.35,207.15,202.10,206.15,12214,93508
07/02/2010,14:00,205.70,206.10,201.65,202.20,6045,93508
07/06/2010,14:00,201.35,201.40,194.75,195.55,16104,91234
07/07/2010,14:00,195.55,201.85,194.95,200.95,14307,92544
07/08/2010,14:00,200.95,201.70,198.75,200.00,7507,92341
07/09/2010,14:00,200.15,205.10,199.95,201.75,11329,91901
07/12/2010,14:00,200.65,202.30,196.90,201.45,8183,92417
07/13/2010,14:00,200.40,204.90,200.00,203.55,9340,93025
07/14/2010,14:00,203.15,204.45,201.90,202.80,6454,93085
07/15/2010,14:00,202.50,207.35,202.20,205.00,11093,93889
07/16/2010,14:00,205.35,207.70,202.95,204.95,9342,94503
07/19/2010,14:00,204.55,204.80,199.15,201.70,11030,93125
07/20/2010,14:00,201.95,202.10,196.15,196.45,12961,92396
07/21/2010,14:00,197.00,198.65,193.70,195.20,12906,90636
07/22/2010,14:00,195.50,199.85,195.50,199.60,10505,89761
07/23/2010,14:00,199.60,205.50,198.35,203.90,15159,90931
07/26/2010,14:00,203.70,205.10,202.15,203.50,11086,86444
07/27/2010,14:00,202.50,204.45,201.10,201.65,7411,85628
07/28/2010,14:00,202.00,206.00,201.55,205.30,8601,85053
07/29/2010,14:00,205.30,212.50,204.35,210.95,16546,85000
07/30/2010,14:00,210.95,216.65,210.55,214.20,15019,84317
08/02/2010,14:00,213.50,219.40,209.95,210.40,17196,82535
08/03/2010,14:00,210.70,212.35,203.05,204.55,17606,78433
08/04/2010,14:00,205.50,209.60,205.50,207.65,11213,75715
08/05/2010,14:00,207.40,210.55,207.00,207.75,11149,71270
08/06/2010,14:00,208.20,209.25,203.15,205.30,14603,65193
08/09/2010,14:00,205.40,208.70,204.15,207.50,15652,59138
08/10/2010,14:00,206.95,209.90,205.20,207.55,13142,59138
08/11/2010,14:00,207.55,209.75,207.00,208.60,12877,75293
08/12/2010,14:00,208.45,215.75,208.05,213.80,23730,85275
08/13/2010,14:00,213.75,216.70,211.65,213.85,11393,88340
08/16/2010,14:00,212.85,219.15,211.85,217.35,15608,91251
08/17/2010,14:00,216.75,219.05,213.85,214.55,19522,95570
08/18/2010,14:00,214.20,215.95,213.45,214.05,13282,100532
08/19/2010,14:00,214.05,217.45,213.80,216.10,14138,101247
08/20/2010,14:00,215.80,222.75,215.80,221.30,21410,104344
08/23/2010,14:00,221.35,224.90,218.70,219.50,9281,104410
08/24/2010,14:00,219.00,219.40,203.95,204.70,29086,99140
08/25/2010,14:00,204.70,206.15,201.60,202.85,12995,94867
08/26/2010,14:00,204.25,210.05,203.50,208.65,11285,93464
08/27/2010,14:00,208.65,217.80,206.55,215.10,14716,94553
08/30/2010,14:00,215.95,220.55,213.05,217.65,8097,94294
08/31/2010,14:00,216.25,219.45,213.45,214.70,7288,94100
09/01/2010,14:00,215.90,220.45,215.55,218.60,9593,94142
09/02/2010,14:00,218.25,222.90,217.60,221.10,11268,94778
09/03/2010,14:00,220.95,224.60,220.25,223.20,7452,94778
09/07/2010,14:00,222.45,229.80,218.85,228.55,14365,96265
09/08/2010,14:00,229.25,234.90,225.85,230.80,14040,95405
09/09/2010,14:00,227.70,230.25,225.55,226.95,9854,93887
09/10/2010,14:00,226.20,230.50,223.15,226.05,10791,93384
09/13/2010,14:00,226.20,228.95,224.45,225.40,7455,92700
09/14/2010,14:00,227.40,233.05,226.70,231.55,11512,92603
09/15/2010,14:00,230.80,232.35,225.40,230.40,10817,91547
09/16/2010,14:00,228.85,233.85,226.85,228.05,10280,91058
09/17/2010,14:00,228.20,230.30,223.95,225.55,13309,90229
09/20/2010,14:00,226.25,227.00,217.20,218.20,18904,87829
09/21/2010,14:00,219.10,222.15,217.45,219.15,10697,87353
09/22/2010,14:00,219.90,223.65,215.60,216.20,11985,86901
09/23/2010,14:00,217.25,219.50,215.85,217.90,8270,85676
09/24/2010,14:00,218.20,219.95,214.50,216.85,10930,84460
09/27/2010,14:00,216.95,221.25,215.80,218.50,8444,84023
09/28/2010,14:00,217.80,227.15,217.80,225.20,13774,85300
09/29/2010,14:00,225.20,225.70,219.50,222.00,9495,83659
09/30/2010,14:00,222.00,223.70,216.35,219.30,12787,82050
10/01/2010,14:00,219.90,222.45,216.75,217.35,8666,81528
10/04/2010,14:00,217.10,217.35,208.05,208.75,20412,77950
10/05/2010,14:00,209.50,214.05,207.85,213.25,14097,77397
10/06/2010,14:00,213.00,213.95,211.30,211.80,7622,75581
10/07/2010,14:00,212.35,214.45,209.50,209.70,9230,75081
10/08/2010,14:00,210.00,219.20,208.15,218.40,13101,76743
10/11/2010,14:00,217.75,218.65,212.60,214.90,8993,76530
10/12/2010,14:00,215.80,224.25,214.80,221.95,12821,77155
10/13/2010,14:00,222.65,226.70,220.85,222.40,9838,76729
10/14/2010,14:00,222.60,225.35,221.55,223.85,9020,76501
10/15/2010,14:00,223.95,225.60,219.50,222.65,8692,76004
10/18/2010,14:00,222.35,224.50,220.00,221.85,8198,75885
10/19/2010,14:00,221.15,228.35,220.80,227.15,14230,76615
10/20/2010,14:00,226.25,234.40,226.15,233.00,15873,78652
10/21/2010,14:00,232.25,239.75,231.75,237.25,16277,80413
10/22/2010,14:00,237.00,237.95,232.25,235.10,11058,81087
10/25/2010,14:00,236.35,239.15,235.15,236.75,9882,80208
10/26/2010,14:00,236.60,240.85,235.35,238.00,12596,79408
10/27/2010,14:00,237.70,239.80,235.50,236.55,11801,78613
10/28/2010,14:00,236.25,238.20,232.55,232.85,14105,77420
10/29/2010,14:00,233.75,240.25,233.30,239.70,12601,77834
11/01/2010,14:00,239.05,239.50,233.90,233.95,11340,74931
11/02/2010,14:00,234.40,236.65,233.95,235.65,7803,72478
11/03/2010,14:00,236.25,237.10,229.05,232.40,17800,68196
11/04/2010,14:00,233.75,245.50,233.50,242.05,20620,67132
11/05/2010,14:00,241.25,243.10,239.55,241.40,10064,62756
11/08/2010,14:00,240.75,245.95,240.10,244.35,14160,58058
11/09/2010,14:00,244.15,254.10,243.70,253.30,19710,51852
11/10/2010,14:00,253.60,254.95,247.60,248.50,19130,51852
11/11/2010,14:00,248.85,251.15,242.15,243.05,10106,77435
11/12/2010,14:00,242.15,242.55,235.60,236.90,16340,80581
11/15/2010,14:00,238.25,242.45,237.95,240.80,12704,84092
11/16/2010,14:00,241.35,241.80,233.10,234.05,18368,86191
11/17/2010,14:00,234.05,237.35,231.85,236.40,15160,87991
11/18/2010,14:00,236.90,245.55,236.90,244.85,17086,86563
11/19/2010,14:00,244.55,245.35,240.55,244.80,7914,89729
11/22/2010,14:00,244.85,246.80,239.55,240.70,6758,89964
11/23/2010,14:00,240.55,245.15,235.00,244.10,10190,90267
11/24/2010,14:00,244.25,246.30,239.75,241.00,6963,90267
11/26/2010,14:00,240.20,240.55,235.55,236.25,5359,88964
11/29/2010,14:00,235.55,237.40,232.55,236.20,8414,88788
11/30/2010,14:00,236.20,237.55,233.70,234.75,6416,87327
12/01/2010,14:00,234.90,239.30,233.60,237.10,10982,87360
12/02/2010,14:00,236.70,238.40,234.95,237.25,5723,87449
12/03/2010,14:00,237.00,241.00,236.70,238.35,7418,88670
12/06/2010,14:00,237.85,243.55,237.55,242.50,9920,90357
12/07/2010,14:00,242.65,245.45,240.80,241.45,9913,89073
12/08/2010,14:00,240.80,242.20,234.80,238.20,12081,86830
12/09/2010,14:00,239.15,240.45,237.65,238.10,9671,84791
12/10/2010,14:00,237.85,244.35,236.80,243.15,12513,86107
12/13/2010,14:00,242.35,251.50,241.85,251.10,13723,88296
12/14/2010,14:00,251.05,253.45,248.80,250.25,8170,88459
12/15/2010,14:00,249.25,254.05,248.90,251.05,9314,88376
12/16/2010,14:00,251.25,252.10,247.55,250.10,7720,87471
12/17/2010,14:00,250.55,260.25,250.40,258.85,11935,90461
12/20/2010,14:00,258.55,260.50,256.80,258.20,8392,89240
12/21/2010,14:00,258.10,268.85,257.15,267.40,13272,89756
12/22/2010,14:00,267.40,275.80,262.20,263.75,13743,89126
12/23/2010,14:00,266.05,271.20,262.90,269.45,6718,89126
12/27/2010,14:00,269.15,272.05,266.15,271.00,2858,89802
12/28/2010,14:00,271.60,273.45,269.65,272.85,3023,89897
12/29/2010,14:00,272.15,274.20,268.70,273.20,3834,90181
12/30/2010,14:00,272.05,275.30,268.75,269.85,4661,89666
12/31/2010,14:00,269.85,274.85,269.85,274.05,3370,89666
01/03/2011,14:00,274.05,274.05,274.05,274.05,0,90662
01/04/2011,14:00,272.55,274.05,265.55,268.50,17011,88991
01/05/2011,14:00,267.65,271.45,263.55,266.55,11361,89024
01/06/2011,14:00,267.15,270.40,265.65,266.55,8058,88806
01/07/2011,14:00,266.10,269.05,263.85,264.25,12255,88192
01/10/2011,14:00,264.75,268.70,264.10,264.80,10931,86162
01/11/2011,14:00,264.80,270.25,264.40,268.25,12900,84980
01/12/2011,14:00,269.95,278.05,269.25,274.15,21731,86106
01/13/2011,14:00,273.90,274.75,270.15,271.05,13185,82746
01/14/2011,14:00,271.55,272.70,265.10,268.15,14276,82746
01/18/2011,14:00,268.90,271.05,267.90,268.90,7379,81148
01/19/2011,14:00,269.55,270.25,264.65,266.05,11268,79425
01/20/2011,14:00,265.60,267.75,260.05,265.35,18825,76947
01/21/2011,14:00,266.45,275.35,266.40,273.95,14990,78886
01/24/2011,14:00,273.15,274.55,269.95,270.85,8147,77713
01/25/2011,14:00,270.85,271.85,263.85,264.80,15458,74351
01/26/2011,14:00,265.35,273.90,265.35,271.05,16062,73497
01/27/2011,14:00,271.75,275.05,268.25,270.50,8651,72988
01/28/2011,14:00,270.25,279.90,269.40,278.55,14200,74140
01/31/2011,14:00,279.05,284.30,276.80,278.35,15770,71925
02/01/2011,14:00,279.10,283.30,278.90,282.95,14137,70474
02/02/2011,14:00,282.85,285.05,280.65,283.95,9858,68949
02/03/2011,14:00,284.45,287.15,283.65,284.90,10386,67132
02/04/2011,14:00,283.55,284.65,280.85,282.85,12894,63896
02/07/2011,14:00,283.60,285.55,282.70,283.30,13217,60199
02/08/2011,14:00,283.30,284.65,280.25,281.15,17808,54695
02/09/2011,14:00,282.30,287.60,281.35,287.15,19258,51199
02/10/2011,14:00,286.05,289.35,285.05,289.15,18293,51199
02/11/2011,14:00,288.90,288.90,285.70,286.25,17119,73443
02/14/2011,14:00,285.90,293.55,285.45,293.00,14094,77769
02/15/2011,14:00,293.00,298.05,290.00,292.40,16794,80831
02/16/2011,14:00,291.80,295.90,289.10,292.90,14137,82163
02/17/2011,14:00,293.00,300.80,293.00,300.15,9613,83286
02/18/2011,14:00,300.45,307.20,298.80,304.30,9430,83286
02/21/2011,14:00,304.30,304.30,304.30,304.30,0,81517
02/22/2011,14:00,304.30,309.70,301.65,305.65,12835,81522
02/23/2011,14:00,306.10,307.25,299.65,300.75,13126,80589
02/24/2011,14:00,300.90,301.80,293.40,295.95,12634,79039
02/25/2011,14:00,296.25,300.30,295.85,299.10,6184,78601
02/28/2011,14:00,298.95,307.10,298.85,303.00,9711,78169
03/01/2011,14:00,303.20,306.40,296.85,300.60,11298,76882
03/02/2011,14:00,300.10,303.50,297.40,300.85,8152,76933
03/03/2011,14:00,300.20,308.05,299.95,306.05,11550,78171
03/04/2011,14:00,306.30,310.50,302.45,304.10,11735,77777
03/07/2011,14:00,305.10,313.15,305.10,312.45,10604,79044
03/08/2011,14:00,313.70,318.95,312.60,318.50,9966,79231
03/09/2011,14:00,318.85,327.95,318.65,326.15,14670,79329
03/10/2011,14:00,326.40,326.40,309.95,311.85,16382,77584
03/11/2011,14:00,312.20,312.95,303.50,305.70,12585,77315
03/14/2011,14:00,305.40,307.70,300.15,304.60,12595,75180
03/15/2011,14:00,302.60,304.55,292.25,294.25,20001,71815
03/16/2011,14:00,295.10,304.30,294.90,296.65,14084,69671
03/17/2011,14:00,297.30,305.60,297.10,302.20,10749,69469
03/18/2011,14:00,304.30,309.45,303.70,307.50,8656,68707
03/21/2011,14:00,309.20,312.45,306.80,308.30,8626,68321
03/22/2011,14:00,308.35,309.00,299.45,304.75,11032,68027
03/23/2011,14:00,305.55,306.70,299.70,299.90,8564,67163
03/24/2011,14:00,299.70,300.25,291.85,297.10,15662,65154
03/25/2011,14:00,298.45,301.30,297.45,300.90,7507,64446
03/28/2011,14:00,300.90,301.00,294.35,295.60,9616,63028
03/29/2011,14:00,295.25,295.30,289.10,293.55,13207,61007
03/30/2011,14:00,293.80,297.00,290.40,296.45,10632,59659
03/31/2011,14:00,296.70,298.70,293.35,295.45,9917,59659
04/01/2011,14:00,296.80,297.55,290.10,291.75,14062,55585
04/04/2011,14:00,291.35,292.30,286.95,287.50,12849,53782
04/05/2011,14:00,286.40,301.25,285.35,299.55,19833,51666
04/06/2011,14:00,299.40,300.65,295.55,296.45,11875,50906
04/07/2011,14:00,296.50,307.15,296.40,304.10,20733,46559
04/08/2011,14:00,304.10,309.80,303.40,306.25,14108,46559
04/11/2011,14:00,305.30,308.20,301.20,306.00,14375,50478
04/12/2011,14:00,303.80,307.05,301.90,305.30,16284,55354
04/13/2011,14:00,304.15,313.45,303.80,312.10,19240,60241
04/14/2011,14:00,311.90,316.10,310.00,313.55,16178,62929
04/15/2011,14:00,314.25,320.05,313.60,319.50,12474,65594
04/18/2011,14:00,319.40,321.50,314.10,315.80,17098,68160
04/19/2011,14:00,315.90,323.05,314.40,322.65,17650,70529
04/20/2011,14:00,322.65,330.90,322.65,327.85,13993,71642
04/21/2011,14:00,327.55,328.95,322.15,322.95,8203,71642
04/25/2011,14:00,325.20,325.30,317.50,319.20,7259,70021
04/26/2011,14:00,317.95,327.90,315.25,324.70,9977,70694
04/27/2011,14:00,324.05,327.15,321.90,324.80,7014,70790
04/28/2011,14:00,325.40,331.80,324.40,327.60,9597,71304
04/29/2011,14:00,326.70,329.90,323.10,328.25,6624,71456
05/02/2011,14:00,328.05,335.60,325.15,333.50,9129,72096
05/03/2011,14:00,333.60,337.30,332.40,334.55,10706,71759
05/04/2011,14:00,333.60,335.20,319.60,322.90,18767,68965
05/05/2011,14:00,322.90,323.60,312.50,316.65,18438,66184
05/06/2011,14:00,315.45,323.30,311.90,315.95,11676,66328
05/09/2011,14:00,318.40,322.65,315.40,315.80,8780,66536
05/10/2011,14:00,317.30,318.85,310.05,311.00,11838,65066
05/11/2011,14:00,311.40,312.00,300.95,301.55,18866,63313
05/12/2011,14:00,302.05,305.20,299.30,303.35,11871,62502
05/13/2011,14:00,305.20,306.40,297.05,297.80,13255,61703
05/16/2011,14:00,297.70,300.55,291.45,292.50,13017,59659
05/17/2011,14:00,292.50,296.80,292.00,294.50,10470,57249
05/18/2011,14:00,296.55,303.35,296.10,298.45,10591,56957
05/19/2011,14:00,298.80,299.90,290.85,292.10,15012,55446
05/20/2011,14:00,293.40,296.35,287.00,287.55,13839,55308
05/23/2011,14:00,287.55,293.05,287.30,290.95,8832,54929
05/24/2011,14:00,291.80,293.90,289.10,289.60,10003,53775
05/25/2011,14:00,289.80,297.85,287.40,293.25,12797,51257
05/26/2011,14:00,295.25,295.90,290.55,294.00,11028,48760
05/27/2011,14:00,295.30,298.70,290.75,292.10,9264,48760
05/31/2011,14:00,293.10,296.80,291.90,293.00,10428,48255
06/01/2011,14:00,292.65,293.30,283.65,284.35,22557,47498
06/02/2011,14:00,284.35,291.05,281.70,289.65,15345,44532
06/03/2011,14:00,289.65,302.20,285.25,299.35,19647,44399
06/06/2011,14:00,298.75,299.15,287.90,288.90,15161,42701
06/07/2011,14:00,288.40,293.90,288.40,291.40,13391,36180
06/08/2011,14:00,291.00,293.20,286.40,292.25,13732,32881
06/09/2011,14:00,293.20,297.10,292.80,295.20,10450,30211
06/10/2011,14:00,295.60,297.20,289.95,293.35,14477,30211
06/13/2011,14:00,291.00,298.45,289.40,295.50,11182,49160
06/14/2011,14:00,295.95,297.75,293.10,297.30,6847,50922
06/15/2011,14:00,296.15,298.00,288.45,290.85,14381,52450
06/16/2011,14:00,290.70,292.65,285.55,286.15,14765,54278
06/17/2011,14:00,286.00,289.25,277.15,277.50,19383,56658
06/20/2011,14:00,277.95,278.00,271.15,271.30,20449,58925
06/21/2011,14:00,271.80,275.00,270.70,271.95,14370,59012
06/22/2011,14:00,273.40,274.10,269.45,271.20,10719,58665
06/23/2011,14:00,271.30,276.80,266.45,273.70,14207,58467
06/24/2011,14:00,275.90,277.35,270.60,275.50,8792,58149
06/27/2011,14:00,275.50,278.05,272.50,276.05,9458,57313
06/28/2011,14:00,276.10,284.05,275.00,283.90,12378,56290
06/29/2011,14:00,283.50,287.90,277.00,285.70,12620,56052
06/30/2011,14:00,287.85,291.80,286.25,290.60,11183,55888
07/01/2011,14:00,289.90,290.60,283.25,288.65,9550,55888
07/05/2011,14:00,287.50,294.90,284.20,294.25,13212,54545
07/06/2011,14:00,293.80,294.60,290.80,292.50,8830,54250
07/07/2011,14:00,292.00,296.90,290.15,293.60,11835,54805
07/08/2011,14:00,293.60,295.25,287.70,288.30,8243,54013
07/11/2011,14:00,287.70,288.00,281.10,284.05,13996,53132
07/12/2011,14:00,283.50,283.85,279.55,282.85,8175,53703
07/13/2011,14:00,283.70,291.20,283.25,288.95,11241,55271
07/14/2011,14:00,288.95,290.65,281.60,283.35,9765,54343
07/15/2011,14:00,282.00,285.50,277.35,278.55,11176,53669
07/18/2011,14:00,277.35,278.25,272.30,273.20,10730,53765
07/19/2011,14:00,274.90,277.90,268.05,268.85,12261,53255
07/20/2011,14:00,269.50,271.45,265.10,268.40,11600,52586
07/21/2011,14:00,269.50,272.90,264.50,265.80,12661,51198
07/22/2011,14:00,266.45,271.30,263.00,266.50,13242,49844
07/25/2011,14:00,266.50,270.00,266.05,267.90,8893,48677
07/26/2011,14:00,268.50,272.35,267.80,269.95,12475,46696
07/27/2011,14:00,269.95,270.30,263.60,266.20,11378,46369
07/28/2011,14:00,266.60,269.60,262.20,263.65,12771,45794
07/29/2011,14:00,263.65,267.40,263.30,264.55,9585,45683
08/01/2011,14:00,265.60,268.70,264.70,266.35,14404,46316
08/02/2011,14:00,265.95,273.45,265.65,268.20,12760,43666
08/03/2011,14:00,267.85,270.70,265.35,266.90,12271,43000
08/04/2011,14:00,267.15,268.10,259.75,260.85,17140,41006
08/05/2011,14:00,260.35,272.70,258.50,263.00,24879,37385
08/08/2011,14:00,261.95,262.00,256.35,259.20,13963,33248
08/09/2011,14:00,258.60,263.10,257.60,259.75,13050,30947
08/10/2011,14:00,260.80,263.80,258.80,259.85,13146,30947
08/11/2011,14:00,260.45,266.30,259.15,265.55,13811,55338
08/12/2011,14:00,265.50,267.00,264.00,265.35,11579,56642
08/15/2011,14:00,265.00,273.25,264.85,270.90,12837,60273
08/16/2011,14:00,270.20,277.00,267.25,276.50,14317,63021
08/17/2011,14:00,275.70,288.80,275.60,288.30,21090,67429
08/18/2011,14:00,287.20,290.25,281.70,289.90,14972,67783
08/19/2011,14:00,288.20,291.70,286.20,291.35,15530,68934
08/22/2011,14:00,288.70,294.75,288.05,289.85,15753,68244
08/23/2011,14:00,288.85,295.00,288.85,293.10,11105,68729
08/24/2011,14:00,293.50,299.15,293.45,295.25,12810,69431
08/25/2011,14:00,294.65,299.40,294.65,297.00,10896,69565
08/26/2011,14:00,297.25,302.00,296.75,300.70,10662,70370
08/29/2011,14:00,301.40,306.25,301.40,305.95,8403,71209
08/30/2011,14:00,305.95,308.50,299.90,308.20,12731,71767
08/31/2011,14:00,308.10,310.00,306.20,309.75,11392,75011
09/01/2011,14:00,308.65,312.35,304.10,311.25,11917,75728
09/02/2011,14:00,310.50,311.95,306.20,309.55,10210,75728
09/06/2011,14:00,304.80,305.00,298.10,302.45,12831,76826
09/07/2011,14:00,303.40,306.70,301.80,306.00,9868,77245
09/08/2011,14:00,305.40,306.25,302.50,305.60,7705,77375
09/09/2011,14:00,304.75,305.10,286.60,291.50,20661,75791
09/12/2011,14:00,291.50,296.25,289.65,292.45,9910,75076
09/13/2011,14:00,292.45,295.50,289.50,291.80,8830,74817
09/14/2011,14:00,290.50,292.60,285.60,287.20,10698,75135
09/15/2011,14:00,286.80,291.15,281.70,282.05,12262,74683
09/16/2011,14:00,281.90,286.25,276.60,281.90,16428,72452
09/19/2011,14:00,281.65,285.85,276.95,283.55,12131,71830
09/20/2011,14:00,284.00,287.50,281.00,281.70,8007,71940
09/21/2011,14:00,281.90,281.90,272.85,273.45,15356,71568
09/22/2011,14:00,272.50,272.50,257.15,260.75,24255,68999
09/23/2011,14:00,261.40,263.45,252.30,252.95,19201,68919
09/26/2011,14:00,254.50,262.00,253.50,257.45,12538,68315
09/27/2011,14:00,259.90,268.05,258.85,262.35,14748,67886
09/28/2011,14:00,262.55,265.70,254.35,255.00,14143,68446
09/29/2011,14:00,254.90,257.00,251.65,252.65,12916,66595
09/30/2011,14:00,252.35,255.10,250.00,250.40,12972,67239
10/03/2011,14:00,250.00,250.10,241.30,244.95,16493,68444
10/04/2011,14:00,245.75,251.70,243.20,248.05,13144,69118
10/05/2011,14:00,249.50,253.50,247.65,249.20,7789,68698
10/06/2011,14:00,250.50,257.60,249.55,255.90,11438,67897
10/07/2011,14:00,257.15,257.50,245.15,245.85,11585,67531
10/10/2011,14:00,247.50,253.25,246.60,247.80,7986,66853
10/11/2011,14:00,247.80,249.85,243.15,244.90,11813,67427
10/12/2011,14:00,245.50,253.20,245.10,250.95,9562,67261
10/13/2011,14:00,253.00,261.85,249.60,259.15,12978,67630
10/14/2011,14:00,258.95,263.00,255.75,261.05,10727,64059
10/17/2011,14:00,261.55,265.05,249.85,255.50,13021,65071
10/18/2011,14:00,254.30,257.50,250.90,253.00,11693,64956
10/19/2011,14:00,252.75,260.75,252.40,257.65,11179,64526
10/20/2011,14:00,255.90,258.35,251.20,253.15,11835,64076
10/21/2011,14:00,255.15,268.20,254.70,266.35,19339,63751
10/24/2011,14:00,266.95,273.00,264.60,272.30,11956,62714
10/25/2011,14:00,272.75,274.00,257.10,258.05,21495,59909
10/26/2011,14:00,258.30,262.00,253.40,255.20,11300,59702
10/27/2011,14:00,255.50,262.45,255.50,256.10,12146,59098
10/28/2011,14:00,256.10,258.20,253.60,256.65,10203,57602
10/31/2011,14:00,254.50,254.95,246.85,248.45,13765,56936
11/01/2011,14:00,247.90,247.90,241.95,245.15,16412,55687
11/02/2011,14:00,246.90,249.00,244.50,245.50,11173,53740
11/03/2011,14:00,244.75,251.60,244.75,248.30,13006,51220
11/04/2011,14:00,249.00,252.90,245.75,251.70,11895,49066
11/07/2011,14:00,251.70,258.30,250.15,254.50,14673,45081
11/08/2011,14:00,256.40,258.80,250.20,251.10,14322,41205
11/09/2011,14:00,251.90,252.95,248.45,251.70,11909,38180
11/10/2011,14:00,250.55,254.30,249.25,251.50,10161,38180
11/11/2011,14:00,252.15,256.45,251.10,255.40,10028,48789
11/14/2011,14:00,257.10,259.60,249.10,252.25,12132,49912
11/15/2011,14:00,253.55,261.40,251.70,260.80,15500,52093
11/16/2011,14:00,258.50,260.05,256.40,257.15,11468,53581
11/17/2011,14:00,256.00,257.90,253.35,254.20,12298,55520
11/18/2011,14:00,253.55,258.40,253.55,256.95,10688,56905
11/21/2011,14:00,256.35,256.65,254.20,255.10,6783,56940
11/22/2011,14:00,255.20,256.00,252.70,255.00,8326,56749
11/23/2011,14:00,253.90,258.60,252.85,253.50,10536,56749
11/25/2011,14:00,253.50,254.45,250.20,250.65,5356,57492
11/28/2011,14:00,250.65,256.50,245.45,245.90,13571,58559
11/29/2011,14:00,246.60,250.15,245.40,245.65,8746,58762
11/30/2011,14:00,245.25,255.65,244.85,255.00,14823,59582
12/01/2011,14:00,254.20,257.05,251.70,253.80,9764,58996
12/02/2011,14:00,253.80,256.50,243.60,247.65,15340,58299
12/05/2011,14:00,248.05,255.80,247.85,254.50,11893,58148
12/06/2011,14:00,252.70,255.40,250.45,253.85,8226,58162
12/07/2011,14:00,254.05,254.35,247.25,247.95,11223,57905
12/08/2011,14:00,248.10,250.40,245.30,246.75,7214,57228
12/09/2011,14:00,247.10,250.10,243.95,245.85,9544,58351
12/12/2011,14:00,245.25,245.70,238.30,239.15,12916,57917
12/13/2011,14:00,239.20,242.60,238.70,241.05,9504,57313
12/14/2011,14:00,240.40,241.00,235.35,236.10,10954,56907
12/15/2011,14:00,237.10,238.60,234.65,235.85,7155,56898
12/16/2011,14:00,235.85,237.15,232.30,233.20,8334,56890
12/19/2011,14:00,234.20,238.05,230.45,237.55,8881,56524
12/20/2011,14:00,238.10,242.15,237.10,240.90,9189,55870
12/21/2011,14:00,240.20,240.90,236.60,238.00,6672,56457
12/22/2011,14:00,237.80,241.50,236.75,239.50,7504,56014
12/23/2011,14:00,239.00,240.95,235.50,237.75,3527,56014
12/27/2011,14:00,236.45,241.10,236.45,240.95,3532,55857
12/28/2011,14:00,240.00,247.40,239.10,244.85,7851,54958
12/29/2011,14:00,243.85,245.30,242.20,242.35,3598,55049
12/30/2011,14:00,242.55,245.70,242.30,244.95,2980,55049
01/03/2012,14:00,244.95,246.10,240.50,245.30,10692,55865
01/04/2012,14:00,244.10,247.25,242.50,244.80,10663,55158
01/05/2012,14:00,243.55,243.90,235.65,237.65,15059,57168
01/06/2012,14:00,237.10,240.50,234.70,239.85,9980,58387
01/09/2012,14:00,238.85,242.60,235.70,239.95,9768,57739
01/10/2012,14:00,239.60,244.20,239.25,244.05,9694,58525
01/11/2012,14:00,243.35,253.30,242.25,253.00,20865,58348
01/12/2012,14:00,251.90,256.60,249.95,252.00,13689,57793
01/13/2012,14:00,251.70,254.50,242.60,243.35,15536,57793
01/17/2012,14:00,243.55,247.35,239.20,243.25,14145,56561
01/18/2012,14:00,244.05,245.10,240.35,242.95,10731,55470
01/19/2012,14:00,242.35,245.90,241.45,244.75,11184,53350
01/20/2012,14:00,243.60,246.75,242.20,243.50,10815,52455
01/23/2012,14:00,242.00,243.10,235.95,237.55,15579,53256
01/24/2012,14:00,237.85,239.40,235.65,238.55,9156,54569
01/25/2012,14:00,238.35,240.00,234.90,235.30,12641,55969
01/26/2012,14:00,236.60,239.60,235.35,237.80,11155,54981
01/27/2012,14:00,237.75,238.30,235.00,235.45,9709,55096
01/30/2012,14:00,234.85,235.40,233.10,234.70,9023,54789
01/31/2012,14:00,235.10,237.75,231.20,233.15,16270,55063
02/01/2012,14:00,232.60,234.00,231.30,232.20,10403,54738
02/02/2012,14:00,232.10,234.25,229.05,233.70,16052,54564
02/03/2012,14:00,233.90,237.05,232.70,234.05,11908,53467
02/06/2012,14:00,233.10,237.90,231.15,236.90,12968,52437
02/07/2012,14:00,237.20,240.55,233.90,239.05,20238,49044
02/08/2012,14:00,239.00,240.40,237.25,238.15,14813,44359
02/09/2012,14:00,238.70,240.25,232.85,234.10,17230,40166
02/10/2012,14:00,234.10,236.10,232.55,233.40,17163,40166
02/13/2012,14:00,233.50,235.60,228.70,230.60,21414,57714
02/14/2012,14:00,230.00,231.75,221.30,222.15,20222,62392
02/15/2012,14:00,222.25,224.00,216.40,218.55,21423,66292
02/16/2012,14:00,218.25,220.50,213.80,217.20,18875,71281
02/17/2012,14:00,217.30,218.95,216.10,218.35,12007,71281
02/21/2012,14:00,218.80,222.75,216.40,222.05,11458,73286
02/22/2012,14:00,222.00,222.40,217.45,217.85,9960,74298
02/23/2012,14:00,217.00,221.70,217.00,218.05,10330,73945
02/24/2012,14:00,218.00,220.40,217.95,219.60,9067,73992
02/27/2012,14:00,219.60,221.50,217.30,220.60,9348,74066
02/28/2012,14:00,220.50,223.35,218.15,222.25,12429,73911
02/29/2012,14:00,221.70,222.25,217.50,219.25,12449,75133
03/01/2012,14:00,218.95,221.10,217.85,220.10,11891,75390
03/02/2012,14:00,220.10,220.75,216.75,217.80,10643,75512
03/05/2012,14:00,216.80,218.50,215.05,217.70,13084,75590
03/06/2012,14:00,217.05,217.60,208.55,209.05,18119,75589
03/07/2012,14:00,209.05,210.50,202.20,204.60,21215,74870
03/08/2012,14:00,203.90,208.00,201.10,205.40,14873,75361
03/09/2012,14:00,205.35,205.40,201.55,202.20,9382,75596
03/12/2012,14:00,201.70,201.75,197.05,200.85,15088,75585
03/13/2012,14:00,200.70,202.60,199.35,202.15,10471,76393
03/14/2012,14:00,201.70,202.30,198.65,199.60,10517,76557
03/15/2012,14:00,198.90,201.80,198.55,201.30,9718,77104
03/16/2012,14:00,201.20,202.50,197.70,198.35,11598,77882
03/19/2012,14:00,198.00,201.25,198.00,199.50,9960,77457
03/20/2012,14:00,199.25,201.50,198.35,199.60,9565,77971
03/21/2012,14:00,199.50,204.45,198.50,200.70,13546,77800
03/22/2012,14:00,200.15,201.30,190.45,192.95,20905,78311
03/23/2012,14:00,192.25,195.25,191.25,194.75,12203,77820
03/26/2012,14:00,194.25,196.40,193.70,194.80,11379,75854
03/27/2012,14:00,194.80,203.65,194.80,203.35,22751,71655
03/28/2012,14:00,202.90,203.85,197.25,198.00,14573,71832
03/29/2012,14:00,197.50,199.25,191.90,192.45,15739,70276
03/30/2012,14:00,193.15,200.05,193.10,198.45,17282,68185
04/02/2012,14:00,198.50,202.90,196.30,202.20,16442,65765
04/03/2012,14:00,201.90,201.90,198.35,201.35,13344,63401
04/04/2012,14:00,200.00,206.45,194.70,200.75,25823,61482
04/05/2012,14:00,200.00,201.00,196.95,199.00,14741,61482
04/09/2012,14:00,198.85,199.60,193.55,194.05,10733,55499
04/10/2012,14:00,194.50,198.35,193.75,194.15,18277,55499
04/11/2012,14:00,194.60,198.70,193.85,196.35,19047,52679
04/12/2012,14:00,196.30,198.35,194.45,197.95,20559,61290
04/13/2012,14:00,197.95,200.80,192.85,193.90,20973,69179
04/16/2012,14:00,193.70,195.05,187.60,189.55,23470,70725
04/17/2012,14:00,190.10,192.10,187.75,188.40,16234,72101
04/18/2012,14:00,188.25,189.85,187.80,188.70,12815,75065
04/19/2012,14:00,188.70,191.00,188.05,189.35,10196,76192
04/20/2012,14:00,189.15,193.35,189.10,192.65,10657,76023
04/23/2012,14:00,192.75,194.30,190.30,192.65,9992,79099
04/24/2012,14:00,192.70,198.20,192.70,197.20,12772,78253
04/25/2012,14:00,197.20,199.40,188.95,190.45,19184,78838
04/26/2012,14:00,190.55,191.95,189.25,189.55,8148,78631
04/27/2012,14:00,189.05,191.65,189.00,190.20,7706,77731
04/30/2012,14:00,190.10,193.60,189.35,193.25,8819,76877
05/01/2012,14:00,193.10,198.30,190.85,197.85,15255,75546
05/02/2012,14:00,197.40,199.10,194.95,196.45,10558,74770
05/03/2012,14:00,195.70,198.10,189.10,189.50,14069,76069
05/04/2012,14:00,189.70,191.45,187.95,188.30,8685,75891
05/07/2012,14:00,188.30,189.90,187.30,188.90,7334,75266
05/08/2012,14:00,188.50,191.15,187.55,188.65,8681,75014
05/09/2012,14:00,188.95,190.30,185.90,188.75,12121,74736
05/10/2012,14:00,189.25,193.30,188.55,192.35,11269,73800
05/11/2012,14:00,191.35,192.85,189.30,190.85,8407,74142
05/14/2012,14:00,190.40,192.00,187.60,191.65,10339,73433
05/15/2012,14:00,191.65,195.30,190.75,192.10,13290,71998
05/16/2012,14:00,190.45,195.85,189.20,191.70,15590,71980
05/17/2012,14:00,191.20,194.50,190.10,193.80,10018,71648
05/18/2012,14:00,192.00,195.55,191.40,192.85,11053,71871
05/21/2012,14:00,192.70,195.05,188.00,188.85,12379,71848
05/22/2012,14:00,189.70,190.70,186.55,188.20,16378,71795
05/23/2012,14:00,187.20,187.20,178.80,180.60,26153,70737
05/24/2012,14:00,180.70,183.30,179.00,180.60,12904,69510
05/25/2012,14:00,180.15,182.25,179.15,181.50,11995,69510
05/29/2012,14:00,182.15,183.15,178.45,179.10,13278,67026
05/30/2012,14:00,179.10,180.10,176.00,178.10,19135,65193
05/31/2012,14:00,177.90,179.15,173.85,174.35,16365,65608
06/01/2012,14:00,174.35,174.95,170.20,171.20,14783,64448
06/04/2012,14:00,171.60,172.65,168.35,172.15,12435,62249
06/05/2012,14:00,171.70,173.05,169.60,169.90,11782,59312
06/06/2012,14:00,170.15,172.60,169.20,169.60,12006,58463
06/07/2012,14:00,169.90,171.80,167.95,170.35,14638,52987
06/08/2012,14:00,170.35,171.40,168.30,169.30,12848,52987
06/11/2012,14:00,169.30,171.50,167.10,168.60,16605,59608
06/12/2012,14:00,167.50,168.60,166.70,167.25,20714,65565
06/13/2012,14:00,167.55,168.30,165.60,166.10,17861,70115
06/14/2012,14:00,165.90,165.95,162.60,162.95,17884,73410
06/15/2012,14:00,162.95,165.05,162.90,163.90,10808,76879
06/18/2012,14:00,164.25,164.65,162.00,163.40,13736,77515
06/19/2012,14:00,163.40,170.90,162.40,170.70,25028,78466
06/20/2012,14:00,170.30,173.40,163.00,164.30,27991,80912
06/21/2012,14:00,163.90,171.25,163.30,170.70,17058,79744
06/22/2012,14:00,170.40,171.65,164.95,167.80,10976,79686
06/25/2012,14:00,167.90,171.15,166.00,170.65,10611,79278
06/26/2012,14:00,170.65,178.25,168.90,177.65,17511,78512
06/27/2012,14:00,177.65,180.45,174.65,176.75,12513,77324
06/28/2012,14:00,176.70,177.05,172.75,174.95,9494,76484
06/29/2012,14:00,175.65,183.65,175.65,182.60,14855,75862
07/02/2012,14:00,182.65,186.80,181.60,186.50,13817,75298
07/03/2012,14:00,186.55,193.30,186.55,192.35,17551,75298
07/05/2012,14:00,190.95,199.00,187.75,192.25,22243,73720
07/06/2012,14:00,190.80,193.15,187.70,188.35,11068,73851
07/09/2012,14:00,187.90,194.70,187.00,194.25,10480,74032
07/10/2012,14:00,193.60,198.50,192.10,196.40,16029,73770
07/11/2012,14:00,195.55,204.10,194.55,196.60,18610,73746
07/12/2012,14:00,196.60,196.65,190.05,193.95,13212,72252
07/13/2012,14:00,194.10,199.65,194.10,198.00,13534,71294
07/16/2012,14:00,197.55,200.10,194.95,195.85,10544,70370
07/17/2012,14:00,195.80,196.25,190.90,193.75,11180,69305
07/18/2012,14:00,194.20,195.35,189.30,194.05,12700,67774
07/19/2012,14:00,194.35,201.30,193.95,200.85,14133,67770
07/20/2012,14:00,200.80,202.75,198.00,198.85,12234,66663
07/23/2012,14:00,197.75,198.30,195.00,197.00,8795,65513
07/24/2012,14:00,196.30,197.35,185.60,187.35,20016,64141
07/25/2012,14:00,187.35,190.35,185.90,188.20,11394,62794
07/26/2012,14:00,188.20,191.40,185.00,185.95,11893,62564
07/27/2012,14:00,185.95,188.65,184.95,185.60,8637,62174
07/30/2012,14:00,186.25,190.80,185.05,190.25,10959,61556
07/31/2012,14:00,190.00,190.55,184.60,186.30,13617,60126
08/01/2012,14:00,186.55,187.50,182.50,186.50,15973,59505
08/02/2012,14:00,186.85,187.25,183.15,183.55,14350,56470
08/03/2012,14:00,183.55,186.10,183.20,185.70,7824,56125
08/06/2012,14:00,185.00,189.75,184.90,187.40,10340,54187
08/07/2012,14:00,187.40,188.10,184.30,184.55,16856,49200
08/08/2012,14:00,184.65,185.00,181.80,182.40,16959,44819
08/09/2012,14:00,182.85,183.25,178.15,178.35,20061,39876
08/10/2012,14:00,178.90,179.35,176.10,178.15,15361,39876
08/13/2012,14:00,178.15,179.10,174.80,175.85,19294,72972
08/14/2012,14:00,175.85,177.40,174.15,174.80,13565,77232
08/15/2012,14:00,174.85,175.35,170.60,173.75,15464,80250
08/16/2012,14:00,173.60,173.60,169.60,170.60,11307,82518
08/17/2012,14:00,170.60,172.50,169.05,172.00,10772,84468
08/20/2012,14:00,172.30,175.40,172.00,173.35,14638,86257
08/21/2012,14:00,173.40,174.95,172.70,173.00,11592,87061
08/22/2012,14:00,172.65,172.85,169.85,170.90,14323,90504
08/23/2012,14:00,171.20,172.05,170.05,170.65,9103,89940
08/24/2012,14:00,170.95,173.30,170.05,171.70,7168,89912
08/27/2012,14:00,173.30,176.50,173.30,176.15,9595,89759
08/28/2012,14:00,175.85,177.30,174.35,176.75,9555,90050
08/29/2012,14:00,176.80,177.90,174.55,175.45,6969,90318
08/30/2012,14:00,175.20,177.15,171.30,172.20,13277,89992
08/31/2012,14:00,172.90,176.25,171.30,173.55,11848,89992
09/04/2012,14:00,174.45,176.70,173.30,174.10,12303,90793
09/05/2012,14:00,174.10,175.15,169.15,169.40,15602,91303
09/06/2012,14:00,169.80,171.55,165.35,167.00,20029,92777
09/07/2012,14:00,168.40,172.50,167.30,171.85,13677,92844
09/10/2012,14:00,172.50,183.15,172.05,182.45,21513,91856
09/11/2012,14:00,182.45,188.80,181.90,186.35,28543,90058
09/12/2012,14:00,185.75,187.70,185.45,186.30,13351,87765
09/13/2012,14:00,185.85,190.10,184.60,187.65,12488,86261
09/14/2012,14:00,188.35,192.50,188.35,189.90,13398,85605
09/17/2012,14:00,189.95,192.35,182.90,184.45,17921,84605
09/18/2012,14:00,183.95,187.25,180.45,186.30,15058,84078
09/19/2012,14:00,186.85,187.90,181.15,183.20,11653,85078
09/20/2012,14:00,183.00,183.30,177.10,177.40,17860,83784
09/21/2012,14:00,177.40,182.60,177.40,182.10,10350,83032
09/24/2012,14:00,180.60,181.55,176.45,181.10,11424,82020
09/25/2012,14:00,181.25,183.65,180.35,182.45,7480,80963
09/26/2012,14:00,181.80,182.05,177.80,178.25,9732,80244
09/27/2012,14:00,178.40,183.45,178.25,183.10,10011,81053
09/28/2012,14:00,183.05,184.00,179.05,182.30,11470,81628
10/01/2012,14:00,181.65,187.75,180.95,186.85,13220,80520
10/02/2012,14:00,186.90,193.35,186.75,192.45,21457,79638
10/03/2012,14:00,190.30,194.25,189.30,189.85,17935,78920
10/04/2012,14:00,189.85,192.60,182.20,183.85,18968,77984
10/05/2012,14:00,183.85,185.35,176.50,176.90,17826,76913
10/08/2012,14:00,176.60,178.20,175.15,177.90,9746,76147
10/09/2012,14:00,177.30,178.80,172.90,174.10,21034,75730
10/10/2012,14:00,175.45,175.75,172.10,172.25,14360,75752
10/11/2012,14:00,172.10,172.50,169.10,169.55,15844,77824
10/12/2012,14:00,169.90,171.90,168.50,170.50,10778,78881
10/15/2012,14:00,170.50,171.55,168.30,169.65,10287,79338
10/16/2012,14:00,170.30,172.25,169.15,171.60,9434,79645
10/17/2012,14:00,171.80,172.15,168.40,170.30,9481,79666
10/18/2012,14:00,169.90,170.35,165.95,167.40,13060,79974
10/19/2012,14:00,167.45,171.65,166.95,170.45,12752,79631
10/22/2012,14:00,171.30,174.50,170.20,173.30,12469,78453
10/23/2012,14:00,172.90,172.90,169.05,169.65,8733,77834
10/24/2012,14:00,169.65,171.10,167.50,168.60,9921,76549
10/25/2012,14:00,169.30,170.70,168.00,169.80,8354,75880
10/26/2012,14:00,169.80,170.25,165.70,166.55,11212,76234
10/29/2012,14:00,166.55,170.60,165.10,170.45,15869,72688
10/30/2012,14:00,170.80,171.55,165.35,166.00,10037,73117
10/31/2012,14:00,165.85,167.65,163.20,163.45,17514,70873
11/01/2012,14:00,163.45,165.20,161.60,162.25,11666,69266
11/02/2012,14:00,163.80,164.25,161.95,163.50,11980,68265
11/05/2012,14:00,163.50,163.50,159.60,159.70,14643,67472
11/06/2012,14:00,159.80,161.30,159.15,159.40,10694,66531
11/07/2012,14:00,159.80,162.80,159.50,160.00,16886,63214
11/08/2012,14:00,160.30,162.00,158.70,160.20,26349,58165
11/09/2012,14:00,160.75,161.15,158.40,158.70,18381,58165
11/12/2012,14:00,160.15,162.85,160.10,161.35,25220,72508
11/13/2012,14:00,161.15,161.15,154.05,154.40,23274,77599
11/14/2012,14:00,155.20,156.85,154.85,155.90,16084,81665
11/15/2012,14:00,155.65,157.55,152.60,157.15,17407,85689
11/16/2012,14:00,157.05,157.15,154.55,155.65,10104,88248
11/19/2012,14:00,156.30,160.95,156.15,160.55,20645,90905
11/20/2012,14:00,160.05,160.30,155.05,155.60,17324,94491
11/21/2012,14:00,155.35,157.30,154.15,156.60,11798,94491
11/23/2012,14:00,156.15,157.00,152.80,153.95,6849,94965
11/26/2012,14:00,153.70,154.60,150.75,152.05,12785,94029
11/27/2012,14:00,151.75,154.45,151.40,152.30,10256,93605
11/28/2012,14:00,151.95,158.50,150.25,158.00,20018,93467
11/29/2012,14:00,157.65,160.30,156.65,159.55,12447,93047
11/30/2012,14:00,158.45,159.35,152.75,153.75,15405,94267
12/03/2012,14:00,153.75,156.30,152.05,153.85,11321,94160
12/04/2012,14:00,153.15,155.30,150.25,151.50,12005,93835
12/05/2012,14:00,151.50,152.90,149.50,152.25,10958,93743
12/06/2012,14:00,152.85,154.65,152.15,154.10,8369,93443
12/07/2012,14:00,153.80,158.30,152.45,157.00,13629,91733
12/10/2012,14:00,155.55,156.85,149.70,150.15,17674,93063
12/11/2012,14:00,150.55,153.40,149.90,152.65,16155,92348
12/12/2012,14:00,152.20,153.15,149.25,149.65,11234,92427
12/13/2012,14:00,149.70,150.05,146.40,146.75,11514,92145
12/14/2012,14:00,146.75,148.70,145.35,146.30,10483,91363
12/17/2012,14:00,146.30,149.30,146.25,149.10,9217,90959
12/18/2012,14:00,148.20,151.15,146.50,147.15,10513,91615
12/19/2012,14:00,146.70,149.00,145.85,148.05,8083,90741
12/20/2012,14:00,148.15,149.40,144.95,146.10,11887,90264
12/21/2012,14:00,146.40,150.00,145.00,149.75,9527,88948
12/24/2012,14:00,149.75,151.10,148.25,150.15,3768,88948
12/26/2012,14:00,150.20,152.10,149.00,151.45,4857,88861
12/27/2012,14:00,151.15,151.90,149.95,151.05,5672,89056
12/28/2012,14:00,150.20,152.40,148.75,150.00,6426,89170
12/31/2012,14:00,149.25,149.40,144.40,146.95,10468,89170
